 %time 1676375397
 %usr 0.75 0.00 0.00 0.00 0.00 0.00 0.00 0.00 0.00 0.00 2.97 6.00 0.99 0.00 0.00 0.00 0.00 0.00 4.00 2.97 0.00 0.00 0.99 0.00 0.00 0.00 6.00 1.98 2.00 0.99 0.00 0.00 0.00
 %sys 0.84 0.00 0.00 0.00 0.00 0.00 0.00 0.00 0.00 0.00 0.99 3.00 0.00 0.99 0.00 0.00 0.00 0.00 7.00 3.96 1.00 0.00 0.99 0.00 0.00 0.00 7.00 1.98 0.00 0.99 0.00 0.00 0.99
 %gnice 0.00 0.00 0.00 0.00 0.00 0.00 0.00 0.00 0.00 0.00 0.00 0.00 0.00 0.00 0.00 0.00 0.00 0.00 0.00 0.00 0.00 0.00 0.00 0.00 0.00 0.00 0.00 0.00 0.00 0.00 0.00 0.00 0.00
 %time 1676375407
 %usr 0.44 0.00 0.00 0.00 0.00 0.00 0.00 0.00 0.00 0.00 0.00 0.00 0.00 0.98 0.00 0.00 0.00 0.00 3.00 0.00 3.00 0.00 0.00 0.00 0.00 0.00 5.00 1.00 1.01 0.00 0.00 0.00 0.00
 %sys 0.84 0.00 0.00 0.99 0.99 0.00 0.00 0.00 0.00 0.00 0.00 0.00 0.00 0.98 0.00 0.00 0.00 0.00 6.00 1.01 3.00 0.00 0.00 0.99 0.00 0.00 7.00 4.00 3.03 0.00 0.00 0.00 0.00
 %gnice 0.00 0.00 0.00 0.00 0.00 0.00 0.00 0.00 0.00 0.00 0.00 0.00 0.00 0.00 0.00 0.00 0.00 0.00 0.00 0.00 0.00 0.00 0.00 0.00 0.00 0.00 0.00 0.00 0.00 0.00 0.00 0.00 0.00
 %time 1676375417
 %usr 0.00 0.00 0.00 0.00 0.00 0.00 0.00 0.00 0.00 0.00 0.00 0.00 0.00 0.00 0.00 0.00 0.00 0.00 0.00 0.00 0.00 0.00 0.00 0.00 0.00 0.00 0.00 0.00 0.00 0.00 0.00 0.00 0.00
 %sys 0.06 0.00 0.00 0.00 0.00 0.00 0.00 0.00 0.00 0.00 0.00 0.00 0.00 0.00 0.00 0.00 0.00 0.00 0.00 0.00 0.00 0.00 0.00 0.00 0.00 0.00 1.00 0.99 0.00 0.00 0.00 0.00 0.00
 %gnice 0.00 0.00 0.00 0.00 0.00 0.00 0.00 0.00 0.00 0.00 0.00 0.00 0.00 0.00 0.00 0.00 0.00 0.00 0.00 0.00 0.00 0.00 0.00 0.00 0.00 0.00 0.00 0.00 0.00 0.00 0.00 0.00 0.00
 %time 1676375428
 %usr 0.13 0.00 0.00 0.00 0.00 0.00 0.00 0.00 0.00 2.00 0.00 0.00 0.00 0.00 0.00 0.00 1.00 0.00 0.00 0.00 0.00 0.00 0.00 0.00 0.00 0.00 0.00 0.00 2.00 0.00 0.00 0.00 0.00
 %sys 0.28 0.00 0.00 0.00 0.99 0.99 0.00 0.00 0.00 1.00 1.00 0.99 0.99 0.00 0.99 1.00 0.00 0.00 0.00 0.00 0.00 0.00 0.00 0.00 0.00 0.00 0.00 0.00 0.00 0.00 0.00 0.00 0.00
 %gnice 0.00 0.00 0.00 0.00 0.00 0.00 0.00 0.00 0.00 0.00 0.00 0.00 0.00 0.00 0.00 0.00 0.00 0.00 0.00 0.00 0.00 0.00 0.00 0.00 0.00 0.00 0.00 0.00 0.00 0.00 0.00 0.00 0.00
 %time 1676375438
 %usr 0.22 0.98 0.00 0.00 0.00 0.00 0.00 0.00 0.00 0.00 0.00 0.00 3.00 1.00 0.00 1.01 0.00 0.00 0.00 0.00 0.00 0.00 0.00 0.00 0.00 0.00 0.99 0.00 0.00 0.00 0.00 0.00 0.00
 %sys 0.31 0.00 0.00 0.00 0.00 0.00 0.99 0.00 0.00 0.00 1.02 1.00 2.00 0.00 1.00 1.01 1.00 0.00 0.00 0.00 1.00 0.00 0.00 0.00 0.00 0.00 0.00 0.00 0.00 0.00 0.00 0.00 0.00
 %gnice 0.00 0.00 0.00 0.00 0.00 0.00 0.00 0.00 0.00 0.00 0.00 0.00 0.00 0.00 0.00 0.00 0.00 0.00 0.00 0.00 0.00 0.00 0.00 0.00 0.00 0.00 0.00 0.00 0.00 0.00 0.00 0.00 0.00
 %time 1676375448
 %usr 0.03 0.00 0.00 0.00 0.00 0.00 0.00 0.00 0.00 0.00 0.00 0.00 0.00 1.98 0.00 0.00 0.00 0.00 0.00 0.00 0.00 0.00 0.00 0.00 0.00 0.00 0.00 0.00 0.00 0.00 0.00 0.00 0.00
 %sys 0.25 0.00 0.00 0.00 1.00 0.00 0.00 0.00 0.00 0.00 0.00 0.00 1.00 0.99 0.00 1.00 0.99 0.99 0.00 0.00 1.00 0.00 0.00 0.00 1.00 0.00 0.00 0.00 1.00 0.00 0.00 0.00 0.00
 %gnice 0.00 0.00 0.00 0.00 0.00 0.00 0.00 0.00 0.00 0.00 0.00 0.00 0.00 0.00 0.00 0.00 0.00 0.00 0.00 0.00 0.00 0.00 0.00 0.00 0.00 0.00 0.00 0.00 0.00 0.00 0.00 0.00 0.00
 %time 1676375459
 %usr 1.91 0.00 0.00 0.00 0.00 0.00 0.00 0.00 58.59 0.00 0.00 1.00 0.00 0.00 0.00 0.00 0.00 0.00 0.00 0.00 0.00 0.00 0.00 0.00 0.00 0.98 0.00 0.98 0.00 0.00 0.00 0.00 1.00
 %sys 0.88 0.00 0.00 0.00 0.00 0.00 1.01 1.01 12.12 0.00 0.00 1.00 1.00 0.00 1.00 3.03 0.00 0.00 0.99 0.00 1.01 0.00 0.00 0.99 0.00 0.98 1.01 2.94 0.00 1.00 0.00 0.00 0.00
 %gnice 0.00 0.00 0.00 0.00 0.00 0.00 0.00 0.00 0.00 0.00 0.00 0.00 0.00 0.00 0.00 0.00 0.00 0.00 0.00 0.00 0.00 0.00 0.00 0.00 0.00 0.00 0.00 0.00 0.00 0.00 0.00 0.00 0.00
 %time 1676375469
 %usr 2.35 2.97 1.98 1.96 2.97 1.98 1.98 0.98 1.98 1.98 1.00 2.00 1.98 2.00 14.71 2.94 1.98 1.98 2.94 1.96 1.00 1.98 1.00 2.97 0.99 1.00 0.99 2.00 1.98 0.99 1.98 1.98 2.94
 %sys 96.04 95.05 96.04 96.08 96.04 96.04 96.04 97.06 96.04 96.04 97.00 97.00 96.04 97.00 83.33 95.10 96.04 96.04 95.10 96.08 97.00 96.04 98.00 96.04 97.03 98.00 97.03 97.00 96.04 97.03 97.03 97.03 95.10
 %gnice 0.00 0.00 0.00 0.00 0.00 0.00 0.00 0.00 0.00 0.00 0.00 0.00 0.00 0.00 0.00 0.00 0.00 0.00 0.00 0.00 0.00 0.00 0.00 0.00 0.00 0.00 0.00 0.00 0.00 0.00 0.00 0.00 0.00
 %time 1676375484
 %usr 2.65 2.97 16.00 1.98 1.98 1.98 2.00 2.00 2.00 1.98 2.97 1.00 5.00 0.99 2.00 2.00 3.00 2.00 2.97 2.00 1.98 2.00 1.01 1.98 2.00 1.98 1.00 1.01 6.00 1.98 1.00 2.00 1.01
 %sys 96.51 96.04 83.00 97.03 97.03 96.04 98.00 97.00 97.00 97.03 96.04 99.00 94.00 98.02 97.00 97.00 96.00 97.00 96.04 97.00 97.03 97.00 98.99 97.03 97.00 97.03 98.00 97.98 94.00 97.03 98.00 97.00 97.98
 %gnice 0.00 0.00 0.00 0.00 0.00 0.00 0.00 0.00 0.00 0.00 0.00 0.00 0.00 0.00 0.00 0.00 0.00 0.00 0.00 0.00 0.00 0.00 0.00 0.00 0.00 0.00 0.00 0.00 0.00 0.00 0.00 0.00 0.00
 %time 1676375501
 %usr 2.31 1.98 1.01 2.00 2.02 2.00 1.98 2.00 2.00 2.00 1.98 2.00 11.00 1.98 1.98 1.98 1.98 2.00 3.00 3.00 3.00 2.97 2.00 1.00 2.00 2.00 2.00 3.00 3.03 2.00 2.02 1.01 3.00
 %sys 97.69 98.02 98.99 98.00 97.98 98.00 98.02 98.00 98.00 98.00 98.02 98.00 89.00 98.02 98.02 98.02 98.02 98.00 97.00 97.00 97.00 97.03 98.00 99.00 98.00 98.00 98.00 97.00 96.97 98.00 97.98 98.99 97.00
 %gnice 0.00 0.00 0.00 0.00 0.00 0.00 0.00 0.00 0.00 0.00 0.00 0.00 0.00 0.00 0.00 0.00 0.00 0.00 0.00 0.00 0.00 0.00 0.00 0.00 0.00 0.00 0.00 0.00 0.00 0.00 0.00 0.00 0.00
 %time 1676375519
 %usr 2.48 2.00 1.98 2.94 2.94 1.00 2.00 13.86 1.98 1.98 1.98 2.94 1.98 1.98 3.96 2.94 1.96 1.96 2.97 1.98 1.98 1.98 1.98 2.00 1.98 1.98 1.98 1.00 2.97 1.98 1.98 1.98 2.00
 %sys 97.52 98.00 98.02 97.06 97.06 99.00 98.00 86.14 98.02 98.02 98.02 97.06 98.02 98.02 96.04 97.06 98.04 98.04 97.03 98.02 98.02 98.02 98.02 98.00 98.02 98.02 98.02 99.00 97.03 98.02 98.02 98.02 98.00
 %gnice 0.00 0.00 0.00 0.00 0.00 0.00 0.00 0.00 0.00 0.00 0.00 0.00 0.00 0.00 0.00 0.00 0.00 0.00 0.00 0.00 0.00 0.00 0.00 0.00 0.00 0.00 0.00 0.00 0.00 0.00 0.00 0.00 0.00
 %time 1676375539
 %usr 2.12 2.00 2.00 2.00 2.00 1.00 3.00 2.97 2.97 2.00 1.01 2.02 2.00 2.00 2.00 2.00 2.00 2.97 1.01 2.02 2.97 2.00 2.00 2.97 7.07 2.00 3.00 1.98 2.00 3.00 1.98 2.00 1.00
 %sys 97.84 98.00 98.00 98.00 98.00 99.00 97.00 97.03 97.03 98.00 98.99 97.98 98.00 98.00 98.00 98.00 98.00 97.03 98.99 97.98 97.03 98.00 98.00 97.03 92.93 98.00 97.00 98.02 98.00 97.00 98.02 98.00 99.00
 %gnice 0.00 0.00 0.00 0.00 0.00 0.00 0.00 0.00 0.00 0.00 0.00 0.00 0.00 0.00 0.00 0.00 0.00 0.00 0.00 0.00 0.00 0.00 0.00 0.00 0.00 0.00 0.00 0.00 0.00 0.00 0.00 0.00 0.00
 %time 1676375561
 %usr 2.07 2.00 4.95 1.98 1.96 2.97 2.97 1.98 1.98 1.00 1.98 1.96 0.99 1.98 1.98 1.98 1.98 0.99 4.00 2.00 1.98 1.98 1.98 2.97 2.00 1.98 1.98 2.00 2.00 1.00 1.98 1.98 0.99
 %sys 97.89 98.00 95.05 98.02 98.04 97.03 97.03 98.02 98.02 99.00 98.02 98.04 99.01 98.02 98.02 98.02 98.02 99.01 96.00 98.00 98.02 98.02 98.02 97.03 98.00 98.02 98.02 98.00 98.00 99.00 98.02 98.02 99.01
 %gnice 0.00 0.00 0.00 0.00 0.00 0.00 0.00 0.00 0.00 0.00 0.00 0.00 0.00 0.00 0.00 0.00 0.00 0.00 0.00 0.00 0.00 0.00 0.00 0.00 0.00 0.00 0.00 0.00 0.00 0.00 0.00 0.00 0.00
 %time 1676375582
 %usr 2.18 2.97 1.00 2.97 2.00 2.00 2.00 0.99 2.00 2.00 2.00 2.00 1.00 1.01 2.00 2.00 1.98 1.98 2.00 11.00 2.00 2.00 2.00 2.00 2.00 2.97 2.02 2.00 2.00 2.02 3.00 3.03 1.00
 %sys 97.82 97.03 99.00 97.03 98.00 98.00 98.00 99.01 98.00 98.00 98.00 98.00 99.00 98.99 98.00 98.00 98.02 98.02 98.00 89.00 98.00 98.00 98.00 98.00 98.00 97.03 97.98 98.00 98.00 97.98 97.00 96.97 99.00
 %gnice 0.00 0.00 0.00 0.00 0.00 0.00 0.00 0.00 0.00 0.00 0.00 0.00 0.00 0.00 0.00 0.00 0.00 0.00 0.00 0.00 0.00 0.00 0.00 0.00 0.00 0.00 0.00 0.00 0.00 0.00 0.00 0.00 0.00
 %time 1676375606
 %usr 2.35 1.98 1.98 0.99 1.96 1.98 5.88 1.96 1.98 1.96 2.94 1.98 1.96 1.00 1.96 1.98 1.98 1.98 1.98 4.90 1.98 5.94 2.94 1.98 2.94 1.98 2.94 1.98 2.94 1.98 1.00 2.94 1.98
 %sys 97.65 98.02 98.02 99.01 98.04 98.02 94.12 98.04 98.02 98.04 97.06 98.02 98.04 99.00 98.04 98.02 98.02 98.02 98.02 94.12 98.02 94.06 97.06 98.02 97.06 98.02 97.06 98.02 97.06 98.02 99.00 97.06 98.02
 %gnice 0.00 0.00 0.00 0.00 0.00 0.00 0.00 0.00 0.00 0.00 0.00 0.00 0.00 0.00 0.00 0.00 0.00 0.00 0.00 0.00 0.00 0.00 0.00 0.00 0.00 0.00 0.00 0.00 0.00 0.00 0.00 0.00 0.00
 %time 1676375638
 %usr 1.89 1.98 2.97 2.94 1.98 1.98 1.00 1.98 0.99 1.98 2.97 1.96 1.96 1.98 2.94 1.98 2.97 1.98 2.00 1.98 1.96 1.98 1.96 1.98 1.96 1.96 2.97 0.98 1.98 1.96 2.94 1.98 1.00
 %sys 97.87 98.02 97.03 97.06 97.03 98.02 99.00 97.03 99.01 98.02 97.03 97.06 97.06 98.02 97.06 98.02 97.03 98.02 98.00 98.02 97.06 98.02 97.06 98.02 97.06 98.04 97.03 98.04 98.02 98.04 96.08 98.02 99.00
 %gnice 0.00 0.00 0.00 0.00 0.00 0.00 0.00 0.00 0.00 0.00 0.00 0.00 0.00 0.00 0.00 0.00 0.00 0.00 0.00 0.00 0.00 0.00 0.00 0.00 0.00 0.00 0.00 0.00 0.00 0.00 0.00 0.00 0.00
 %time 1676375665
 %usr 2.22 2.97 2.00 2.00 2.00 2.00 2.00 2.00 2.02 2.00 1.01 2.00 2.00 2.97 2.00 2.00 7.00 2.00 2.00 2.00 1.98 2.00 1.01 2.00 2.00 1.98 2.97 1.98 2.02 2.00 1.01 3.00 2.02
 %sys 97.78 97.03 98.00 98.00 98.00 98.00 98.00 98.00 97.98 98.00 98.99 98.00 98.00 97.03 98.00 98.00 93.00 98.00 98.00 98.00 98.02 98.00 98.99 98.00 98.00 98.02 97.03 98.02 97.98 98.00 98.99 97.00 97.98
 %gnice 0.00 0.00 0.00 0.00 0.00 0.00 0.00 0.00 0.00 0.00 0.00 0.00 0.00 0.00 0.00 0.00 0.00 0.00 0.00 0.00 0.00 0.00 0.00 0.00 0.00 0.00 0.00 0.00 0.00 0.00 0.00 0.00 0.00
 %time 1676375692
 %usr 2.19 2.00 2.00 2.00 2.00 8.00 2.00 2.00 2.00 1.98 1.00 2.00 1.98 2.02 2.97 2.00 1.01 2.00 2.02 1.01 1.00 2.00 2.02 2.00 2.97 2.00 2.00 3.00 2.02 2.00 1.00 2.00 2.00
 %sys 97.81 98.00 98.00 98.00 98.00 92.00 98.00 98.00 98.00 98.02 99.00 98.00 98.02 97.98 97.03 98.00 98.99 98.00 97.98 98.99 99.00 98.00 97.98 98.00 97.03 98.00 98.00 97.00 97.98 98.00 99.00 98.00 98.00
 %gnice 0.00 0.00 0.00 0.00 0.00 0.00 0.00 0.00 0.00 0.00 0.00 0.00 0.00 0.00 0.00 0.00 0.00 0.00 0.00 0.00 0.00 0.00 0.00 0.00 0.00 0.00 0.00 0.00 0.00 0.00 0.00 0.00 0.00
 %time 1676375724
 %usr 1.88 1.98 1.00 2.00 1.00 1.01 1.98 1.98 2.00 2.00 2.00 2.00 2.00 2.02 1.98 1.01 1.00 2.00 2.02 2.00 1.98 1.01 1.98 2.00 2.00 1.00 2.00 2.97 2.94 5.00 2.00 2.02 2.00
 %sys 97.38 97.03 98.00 97.00 98.00 97.98 97.03 97.03 97.00 97.00 97.00 97.00 97.00 97.98 97.03 98.99 99.00 97.00 97.98 97.00 97.03 97.98 97.03 97.00 97.00 99.00 97.00 96.04 96.08 94.00 98.00 96.97 98.00
 %gnice 0.00 0.00 0.00 0.00 0.00 0.00 0.00 0.00 0.00 0.00 0.00 0.00 0.00 0.00 0.00 0.00 0.00 0.00 0.00 0.00 0.00 0.00 0.00 0.00 0.00 0.00 0.00 0.00 0.00 0.00 0.00 0.00 0.00
 %time 1676375753
 %usr 2.05 1.98 2.00 2.00 1.98 6.93 1.98 1.98 1.98 1.00 2.00 1.98 1.00 1.98 1.98 1.98 2.97 0.99 1.00 1.98 1.00 1.98 2.00 1.98 2.00 0.99 1.98 1.98 2.97 2.97 1.00 1.98 2.97
 %sys 97.95 98.02 98.00 98.00 98.02 93.07 98.02 98.02 98.02 99.00 98.00 98.02 99.00 98.02 98.02 98.02 97.03 99.01 99.00 98.02 99.00 98.02 98.00 98.02 98.00 99.01 98.02 98.02 97.03 97.03 99.00 98.02 97.03
 %gnice 0.00 0.00 0.00 0.00 0.00 0.00 0.00 0.00 0.00 0.00 0.00 0.00 0.00 0.00 0.00 0.00 0.00 0.00 0.00 0.00 0.00 0.00 0.00 0.00 0.00 0.00 0.00 0.00 0.00 0.00 0.00 0.00 0.00
 %time 1676375783
 %usr 2.02 1.00 2.00 1.98 1.96 0.99 2.97 1.98 1.98 1.00 1.98 2.00 6.93 1.96 1.98 1.96 2.94 1.98 1.98 1.98 1.98 1.98 1.98 1.98 1.98 1.98 2.97 1.00 2.97 1.98 1.98 1.00 1.00
 %sys 97.98 99.00 98.00 98.02 98.04 99.01 97.03 98.02 98.02 99.00 98.02 98.00 93.07 98.04 98.02 98.04 97.06 98.02 98.02 98.02 98.02 98.02 98.02 98.02 98.02 98.02 97.03 99.00 97.03 98.02 98.02 99.00 99.00
 %gnice 0.00 0.00 0.00 0.00 0.00 0.00 0.00 0.00 0.00 0.00 0.00 0.00 0.00 0.00 0.00 0.00 0.00 0.00 0.00 0.00 0.00 0.00 0.00 0.00 0.00 0.00 0.00 0.00 0.00 0.00 0.00 0.00 0.00
 %time 1676375812
 %usr 2.10 2.83 1.89 2.86 1.90 6.60 1.89 1.89 1.90 0.95 1.89 2.83 1.89 2.80 1.89 2.83 1.89 1.90 2.80 1.90 2.80 1.89 1.89 1.90 1.89 1.90 0.95 2.83 2.83 1.90 1.89 1.89 2.83
 %sys 97.90 97.17 98.11 97.14 98.10 93.40 98.11 98.11 98.10 99.05 98.11 97.17 98.11 97.20 98.11 97.17 98.11 98.10 97.20 98.10 97.20 98.11 98.11 98.10 98.11 98.10 99.05 97.17 97.17 98.10 98.11 98.11 97.17
 %gnice 0.00 0.00 0.00 0.00 0.00 0.00 0.00 0.00 0.00 0.00 0.00 0.00 0.00 0.00 0.00 0.00 0.00 0.00 0.00 0.00 0.00 0.00 0.00 0.00 0.00 0.00 0.00 0.00 0.00 0.00 0.00 0.00 0.00
 %time 1676375844
 %usr 2.15 2.00 2.00 1.00 2.00 2.00 2.00 2.00 1.98 1.01 2.00 1.01 2.94 2.00 2.00 1.98 3.00 2.00 6.06 2.97 1.01 2.00 2.00 2.00 2.00 3.00 2.00 2.00 2.00 1.00 1.01 2.97 2.97
 %sys 97.81 98.00 98.00 99.00 98.00 98.00 98.00 98.00 98.02 98.99 98.00 98.99 96.08 98.00 98.00 98.02 97.00 98.00 93.94 97.03 98.99 98.00 98.00 98.00 98.00 97.00 98.00 98.00 98.00 99.00 98.99 97.03 97.03
 %gnice 0.00 0.00 0.00 0.00 0.00 0.00 0.00 0.00 0.00 0.00 0.00 0.00 0.00 0.00 0.00 0.00 0.00 0.00 0.00 0.00 0.00 0.00 0.00 0.00 0.00 0.00 0.00 0.00 0.00 0.00 0.00 0.00 0.00
 %time 1676375866
 %usr 2.08 0.99 3.00 2.97 1.98 1.98 0.99 2.00 1.98 1.98 0.99 1.98 1.98 1.98 1.98 1.98 2.00 1.98 2.00 1.98 2.97 1.98 2.94 5.88 2.94 1.98 1.98 1.98 1.98 1.98 1.98 1.98 2.94
 %sys 97.92 99.01 97.00 97.03 98.02 98.02 99.01 98.00 98.02 98.02 99.01 98.02 98.02 98.02 98.02 98.02 98.00 98.02 98.00 98.02 97.03 98.02 97.06 94.12 97.06 98.02 98.02 98.02 98.02 98.02 98.02 98.02 97.06
 %gnice 0.00 0.00 0.00 0.00 0.00 0.00 0.00 0.00 0.00 0.00 0.00 0.00 0.00 0.00 0.00 0.00 0.00 0.00 0.00 0.00 0.00 0.00 0.00 0.00 0.00 0.00 0.00 0.00 0.00 0.00 0.00 0.00 0.00
 %time 1676375901
 %usr 2.07 0.99 1.98 0.99 2.97 1.98 2.97 6.86 1.00 1.98 1.98 0.99 1.98 1.96 1.98 1.98 2.00 1.00 2.00 2.97 1.98 2.94 2.94 1.98 2.97 2.94 1.98 1.98 1.00 0.99 1.98 1.98 1.98
 %sys 97.93 99.01 98.02 99.01 97.03 98.02 97.03 93.14 99.00 98.02 98.02 99.01 98.02 98.04 98.02 98.02 98.00 99.00 98.00 97.03 98.02 97.06 97.06 98.02 97.03 97.06 98.02 98.02 99.00 99.01 98.02 98.02 98.02
 %gnice 0.00 0.00 0.00 0.00 0.00 0.00 0.00 0.00 0.00 0.00 0.00 0.00 0.00 0.00 0.00 0.00 0.00 0.00 0.00 0.00 0.00 0.00 0.00 0.00 0.00 0.00 0.00 0.00 0.00 0.00 0.00 0.00 0.00
 %time 1676375932
 %usr 2.25 3.00 2.00 1.00 2.97 1.00 1.00 1.00 7.00 2.00 1.00 2.00 2.00 2.00 2.00 2.00 1.01 1.98 1.01 1.00 3.00 2.97 2.00 3.00 3.00 3.00 3.00 1.98 2.97 2.97 2.00 1.00 1.01
 %sys 97.75 97.00 98.00 99.00 97.03 99.00 99.00 99.00 93.00 98.00 99.00 98.00 98.00 98.00 98.00 98.00 98.99 98.02 98.99 99.00 97.00 97.03 98.00 97.00 97.00 97.00 97.00 98.02 97.03 97.03 98.00 99.00 98.99
 %gnice 0.00 0.00 0.00 0.00 0.00 0.00 0.00 0.00 0.00 0.00 0.00 0.00 0.00 0.00 0.00 0.00 0.00 0.00 0.00 0.00 0.00 0.00 0.00 0.00 0.00 0.00 0.00 0.00 0.00 0.00 0.00 0.00 0.00
 %time 1676375963
 %usr 1.98 7.92 1.98 1.96 1.98 1.96 1.00 1.00 0.99 0.99 1.98 1.98 1.98 1.98 2.94 1.96 2.00 0.99 1.98 1.00 1.98 1.00 1.98 2.97 1.00 1.98 2.97 2.97 1.96 1.98 1.98 2.94 1.98
 %sys 98.02 92.08 98.02 98.04 98.02 98.04 99.00 99.00 99.01 99.01 98.02 98.02 98.02 98.02 97.06 98.04 98.00 99.01 98.02 99.00 98.02 99.00 98.02 97.03 99.00 98.02 97.03 97.03 98.04 98.02 98.02 97.06 98.02
 %gnice 0.00 0.00 0.00 0.00 0.00 0.00 0.00 0.00 0.00 0.00 0.00 0.00 0.00 0.00 0.00 0.00 0.00 0.00 0.00 0.00 0.00 0.00 0.00 0.00 0.00 0.00 0.00 0.00 0.00 0.00 0.00 0.00 0.00
 %time 1676375993
 %usr 2.10 1.98 2.00 2.00 1.98 1.98 1.98 1.98 1.98 1.96 1.98 1.98 1.98 1.98 1.98 1.98 1.00 1.98 7.00 1.98 2.94 1.00 1.98 2.97 1.00 1.96 1.00 1.96 1.98 1.98 1.98 1.98 2.97
 %sys 97.90 98.02 98.00 98.00 98.02 98.02 98.02 98.02 98.02 98.04 98.02 98.02 98.02 98.02 98.02 98.02 99.00 98.02 93.00 98.02 97.06 99.00 98.02 97.03 99.00 98.04 99.00 98.04 98.02 98.02 98.02 98.02 97.03
 %gnice 0.00 0.00 0.00 0.00 0.00 0.00 0.00 0.00 0.00 0.00 0.00 0.00 0.00 0.00 0.00 0.00 0.00 0.00 0.00 0.00 0.00 0.00 0.00 0.00 0.00 0.00 0.00 0.00 0.00 0.00 0.00 0.00 0.00
 %time 1676376023
 %usr 2.16 2.02 2.00 2.00 2.00 1.01 1.98 2.00 2.00 2.97 2.97 1.01 2.00 1.00 2.00 2.00 1.00 1.98 2.02 2.02 2.00 3.00 8.91 2.00 1.01 1.00 2.00 2.00 2.00 2.00 2.00 2.00 1.00
 %sys 97.75 97.98 98.00 98.00 98.00 98.99 97.03 98.00 98.00 97.03 97.03 98.99 98.00 99.00 98.00 98.00 98.00 97.03 97.98 97.98 98.00 97.00 91.09 98.00 98.99 98.00 98.00 98.00 98.00 98.00 98.00 98.00 99.00
 %gnice 0.00 0.00 0.00 0.00 0.00 0.00 0.00 0.00 0.00 0.00 0.00 0.00 0.00 0.00 0.00 0.00 0.00 0.00 0.00 0.00 0.00 0.00 0.00 0.00 0.00 0.00 0.00 0.00 0.00 0.00 0.00 0.00 0.00
 %time 1676376056
 %usr 2.11 1.98 2.97 2.97 2.97 1.00 2.00 2.94 1.98 2.97 2.00 2.97 1.00 2.00 1.98 1.98 2.00 1.00 2.00 0.99 2.97 1.98 1.98 1.98 1.98 2.97 2.94 1.98 1.98 2.00 2.00 1.00 1.98
 %sys 97.83 97.03 97.03 97.03 97.03 99.00 98.00 97.06 98.02 97.03 98.00 97.03 99.00 98.00 98.02 98.02 98.00 99.00 98.00 99.01 97.03 98.02 98.02 98.02 98.02 97.03 97.06 98.02 98.02 98.00 98.00 99.00 98.02
 %gnice 0.00 0.00 0.00 0.00 0.00 0.00 0.00 0.00 0.00 0.00 0.00 0.00 0.00 0.00 0.00 0.00 0.00 0.00 0.00 0.00 0.00 0.00 0.00 0.00 0.00 0.00 0.00 0.00 0.00 0.00 0.00 0.00 0.00
 %time 1676376089
 %usr 2.09 2.00 1.98 1.00 2.00 2.00 2.00 2.00 2.00 2.00 2.00 3.00 1.01 2.00 2.00 2.00 6.00 2.00 1.01 1.98 2.00 2.00 2.00 1.01 2.00 2.02 2.02 2.97 2.00 2.97 2.00 1.00 2.00
 %sys 97.91 98.00 98.02 99.00 98.00 98.00 98.00 98.00 98.00 98.00 98.00 97.00 98.99 98.00 98.00 98.00 94.00 98.00 98.99 98.02 98.00 98.00 98.00 98.99 98.00 97.98 97.98 97.03 98.00 97.03 98.00 99.00 98.00
 %gnice 0.00 0.00 0.00 0.00 0.00 0.00 0.00 0.00 0.00 0.00 0.00 0.00 0.00 0.00 0.00 0.00 0.00 0.00 0.00 0.00 0.00 0.00 0.00 0.00 0.00 0.00 0.00 0.00 0.00 0.00 0.00 0.00 0.00
 %time 1676376116
 %usr 2.06 1.98 5.00 2.00 2.00 1.98 2.00 2.00 1.98 3.00 1.98 2.00 1.98 1.00 2.00 2.00 1.00 1.98 2.00 2.97 1.98 1.98 2.00 2.00 1.00 2.00 1.00 1.01 2.00 1.98 2.00 1.01 2.97
 %sys 97.91 98.02 95.00 98.00 98.00 98.02 98.00 98.00 98.02 97.00 98.02 98.00 98.02 99.00 98.00 98.00 99.00 98.02 98.00 97.03 98.02 98.02 98.00 98.00 99.00 98.00 99.00 98.99 98.00 98.02 98.00 98.99 97.03
 %gnice 0.00 0.00 0.00 0.00 0.00 0.00 0.00 0.00 0.00 0.00 0.00 0.00 0.00 0.00 0.00 0.00 0.00 0.00 0.00 0.00 0.00 0.00 0.00 0.00 0.00 0.00 0.00 0.00 0.00 0.00 0.00 0.00 0.00
 %time 1676376141
 %usr 2.06 2.00 4.00 2.00 4.95 2.97 2.00 2.00 1.98 1.00 1.98 2.00 2.00 2.00 2.97 1.01 1.98 3.00 1.00 2.00 1.00 2.00 1.00 1.01 2.00 1.98 1.98 2.00 1.00 1.98 1.98 2.94 2.00
 %sys 97.79 98.00 96.00 98.00 95.05 97.03 98.00 98.00 98.02 98.00 97.03 98.00 98.00 98.00 96.04 98.99 98.02 97.00 99.00 98.00 99.00 98.00 99.00 98.99 98.00 98.02 98.02 98.00 98.00 98.02 97.03 96.08 98.00
 %gnice 0.00 0.00 0.00 0.00 0.00 0.00 0.00 0.00 0.00 0.00 0.00 0.00 0.00 0.00 0.00 0.00 0.00 0.00 0.00 0.00 0.00 0.00 0.00 0.00 0.00 0.00 0.00 0.00 0.00 0.00 0.00 0.00 0.00
 %time 1676376166
 %usr 2.09 1.98 2.00 2.00 2.00 2.00 3.00 2.97 1.01 1.00 2.97 2.97 1.98 2.97 2.00 2.00 2.97 2.00 2.00 1.00 2.00 1.98 2.00 2.00 1.00 2.00 2.00 3.00 7.00 2.00 2.00 1.00 2.00
 %sys 97.91 98.02 98.00 98.00 98.00 98.00 97.00 97.03 98.99 99.00 97.03 97.03 98.02 97.03 98.00 98.00 97.03 98.00 98.00 99.00 98.00 98.02 98.00 98.00 99.00 98.00 98.00 97.00 93.00 98.00 98.00 99.00 98.00
 %gnice 0.00 0.00 0.00 0.00 0.00 0.00 0.00 0.00 0.00 0.00 0.00 0.00 0.00 0.00 0.00 0.00 0.00 0.00 0.00 0.00 0.00 0.00 0.00 0.00 0.00 0.00 0.00 0.00 0.00 0.00 0.00 0.00 0.00
 %time 1676376198
 %usr 2.19 1.96 2.97 1.98 1.98 2.97 1.98 2.94 2.00 1.00 1.96 1.98 1.00 2.94 1.98 2.97 1.96 1.98 1.98 0.99 2.94 0.99 1.96 1.00 1.98 2.94 0.99 7.84 1.96 1.98 1.98 1.98 1.98
 %sys 97.81 98.04 97.03 98.02 98.02 97.03 98.02 97.06 98.00 99.00 98.04 98.02 99.00 97.06 98.02 97.03 98.04 98.02 98.02 99.01 97.06 99.01 98.04 99.00 98.02 97.06 99.01 92.16 98.04 98.02 98.02 98.02 98.02
 %gnice 0.00 0.00 0.00 0.00 0.00 0.00 0.00 0.00 0.00 0.00 0.00 0.00 0.00 0.00 0.00 0.00 0.00 0.00 0.00 0.00 0.00 0.00 0.00 0.00 0.00 0.00 0.00 0.00 0.00 0.00 0.00 0.00 0.00
 %time 1676376224
 %usr 2.16 2.02 1.98 1.98 2.00 1.00 2.00 2.00 2.00 2.02 2.00 2.00 2.00 3.00 1.01 2.00 1.98 2.00 1.98 2.00 2.00 2.97 2.00 2.00 2.00 2.00 1.01 8.00 2.97 2.00 2.00 1.00 2.00
 %sys 97.84 97.98 98.02 98.02 98.00 99.00 98.00 98.00 98.00 97.98 98.00 98.00 98.00 97.00 98.99 98.00 98.02 98.00 98.02 98.00 98.00 97.03 98.00 98.00 98.00 98.00 98.99 92.00 97.03 98.00 98.00 99.00 98.00
 %gnice 0.00 0.00 0.00 0.00 0.00 0.00 0.00 0.00 0.00 0.00 0.00 0.00 0.00 0.00 0.00 0.00 0.00 0.00 0.00 0.00 0.00 0.00 0.00 0.00 0.00 0.00 0.00 0.00 0.00 0.00 0.00 0.00 0.00
 %time 1676376249
 %usr 2.12 2.00 2.97 1.00 2.00 2.00 1.98 1.98 2.00 2.00 2.00 2.00 3.00 2.00 3.00 2.00 2.00 2.00 2.00 2.97 1.98 2.97 2.97 1.98 1.01 1.98 1.98 2.00 2.00 5.05 2.00 2.02 1.98
 %sys 97.88 98.00 97.03 99.00 98.00 98.00 98.02 98.02 98.00 98.00 98.00 98.00 97.00 98.00 97.00 98.00 98.00 98.00 98.00 97.03 98.02 97.03 97.03 98.02 98.99 98.02 98.02 98.00 98.00 94.95 98.00 97.98 98.02
 %gnice 0.00 0.00 0.00 0.00 0.00 0.00 0.00 0.00 0.00 0.00 0.00 0.00 0.00 0.00 0.00 0.00 0.00 0.00 0.00 0.00 0.00 0.00 0.00 0.00 0.00 0.00 0.00 0.00 0.00 0.00 0.00 0.00 0.00
 %time 1676376274
 %usr 2.09 1.98 1.98 1.01 2.00 2.02 2.00 2.00 2.00 1.00 1.01 2.02 2.00 2.00 1.98 2.00 1.98 2.97 2.00 2.00 3.00 2.00 2.00 1.00 1.01 3.00 2.00 2.02 2.00 6.93 2.00 1.00 2.00
 %sys 97.91 98.02 98.02 98.99 98.00 97.98 98.00 98.00 98.00 99.00 98.99 97.98 98.00 98.00 98.02 98.00 98.02 97.03 98.00 98.00 97.00 98.00 98.00 99.00 98.99 97.00 98.00 97.98 98.00 93.07 98.00 99.00 98.00
 %gnice 0.00 0.00 0.00 0.00 0.00 0.00 0.00 0.00 0.00 0.00 0.00 0.00 0.00 0.00 0.00 0.00 0.00 0.00 0.00 0.00 0.00 0.00 0.00 0.00 0.00 0.00 0.00 0.00 0.00 0.00 0.00 0.00 0.00
 %time 1676376305
 %usr 2.04 1.98 2.00 1.98 2.00 1.98 1.00 0.99 1.96 1.98 1.98 1.98 1.98 1.98 1.96 1.98 2.97 1.98 1.98 0.99 1.98 1.98 1.96 1.98 1.98 0.99 1.96 2.00 1.98 7.00 1.98 1.98 1.98
 %sys 97.96 98.02 98.00 98.02 98.00 98.02 99.00 99.01 98.04 98.02 98.02 98.02 98.02 98.02 98.04 98.02 97.03 98.02 98.02 99.01 98.02 98.02 98.04 98.02 98.02 99.01 98.04 98.00 98.02 93.00 98.02 98.02 98.02
 %gnice 0.00 0.00 0.00 0.00 0.00 0.00 0.00 0.00 0.00 0.00 0.00 0.00 0.00 0.00 0.00 0.00 0.00 0.00 0.00 0.00 0.00 0.00 0.00 0.00 0.00 0.00 0.00 0.00 0.00 0.00 0.00 0.00 0.00
 %time 1676376335
 %usr 2.06 1.01 1.98 2.00 2.00 2.00 1.98 1.00 2.97 1.00 1.00 2.00 1.98 2.97 2.00 1.00 2.00 2.00 2.00 2.97 2.00 2.00 2.00 2.02 2.00 1.00 2.00 2.97 2.97 1.98 2.00 6.00 2.00
 %sys 97.94 98.99 98.02 98.00 98.00 98.00 98.02 99.00 97.03 99.00 99.00 98.00 98.02 97.03 98.00 99.00 98.00 98.00 98.00 97.03 98.00 98.00 98.00 97.98 98.00 99.00 98.00 97.03 97.03 98.02 98.00 94.00 98.00
 %gnice 0.00 0.00 0.00 0.00 0.00 0.00 0.00 0.00 0.00 0.00 0.00 0.00 0.00 0.00 0.00 0.00 0.00 0.00 0.00 0.00 0.00 0.00 0.00 0.00 0.00 0.00 0.00 0.00 0.00 0.00 0.00 0.00 0.00
 %time 1676376362
 %usr 2.10 1.98 1.98 2.94 2.97 1.98 1.00 1.96 1.98 1.98 0.99 1.96 1.96 1.98 1.98 1.98 1.98 2.97 1.98 2.94 1.00 1.98 2.00 2.94 1.96 0.99 1.98 0.99 0.99 6.86 2.00 2.94 1.98
 %sys 97.90 98.02 98.02 97.06 97.03 98.02 99.00 98.04 98.02 98.02 99.01 98.04 98.04 98.02 98.02 98.02 98.02 97.03 98.02 97.06 99.00 98.02 98.00 97.06 98.04 99.01 98.02 99.01 99.01 93.14 98.00 97.06 98.02
 %gnice 0.00 0.00 0.00 0.00 0.00 0.00 0.00 0.00 0.00 0.00 0.00 0.00 0.00 0.00 0.00 0.00 0.00 0.00 0.00 0.00 0.00 0.00 0.00 0.00 0.00 0.00 0.00 0.00 0.00 0.00 0.00 0.00 0.00
 %time 1676376390
 %usr 2.11 1.00 2.00 2.00 1.98 2.00 1.98 1.00 1.98 2.97 0.99 1.00 1.98 1.98 1.98 2.00 1.98 2.97 6.93 1.96 1.98 1.00 1.98 1.98 2.94 2.97 1.98 0.99 1.98 1.98 1.98 1.98 2.00
 %sys 97.89 99.00 98.00 98.00 98.02 98.00 98.02 99.00 98.02 97.03 99.01 99.00 98.02 98.02 98.02 98.00 98.02 97.03 93.07 98.04 98.02 99.00 98.02 98.02 97.06 97.03 98.02 99.01 98.02 98.02 98.02 98.02 98.00
 %gnice 0.00 0.00 0.00 0.00 0.00 0.00 0.00 0.00 0.00 0.00 0.00 0.00 0.00 0.00 0.00 0.00 0.00 0.00 0.00 0.00 0.00 0.00 0.00 0.00 0.00 0.00 0.00 0.00 0.00 0.00 0.00 0.00 0.00
 %time 1676376425
 %usr 2.09 1.00 1.98 2.00 2.00 2.00 2.00 2.00 2.00 2.00 1.98 1.00 2.00 1.00 2.97 2.97 1.00 2.00 6.93 2.00 2.00 2.97 2.00 3.00 2.00 2.00 1.00 2.00 3.00 2.00 2.97 2.00 2.02
 %sys 97.91 99.00 98.02 98.00 98.00 98.00 98.00 98.00 98.00 98.00 98.02 99.00 98.00 99.00 97.03 97.03 99.00 98.00 93.07 98.00 98.00 97.03 98.00 97.00 98.00 98.00 99.00 98.00 97.00 98.00 97.03 98.00 97.98
 %gnice 0.00 0.00 0.00 0.00 0.00 0.00 0.00 0.00 0.00 0.00 0.00 0.00 0.00 0.00 0.00 0.00 0.00 0.00 0.00 0.00 0.00 0.00 0.00 0.00 0.00 0.00 0.00 0.00 0.00 0.00 0.00 0.00 0.00
 %time 1676376455
 %usr 2.03 1.00 2.00 2.02 1.01 2.00 2.00 2.00 2.00 2.00 1.00 3.00 2.00 2.00 1.98 3.00 1.98 2.00 1.98 1.00 2.00 1.98 1.00 2.97 1.98 3.00 2.00 2.02 2.00 2.00 2.00 6.00 2.02
 %sys 97.97 99.00 98.00 97.98 98.99 98.00 98.00 98.00 98.00 98.00 99.00 97.00 98.00 98.00 98.02 97.00 98.02 98.00 98.02 99.00 98.00 98.02 99.00 97.03 98.02 97.00 98.00 97.98 98.00 98.00 98.00 94.00 97.98
 %gnice 0.00 0.00 0.00 0.00 0.00 0.00 0.00 0.00 0.00 0.00 0.00 0.00 0.00 0.00 0.00 0.00 0.00 0.00 0.00 0.00 0.00 0.00 0.00 0.00 0.00 0.00 0.00 0.00 0.00 0.00 0.00 0.00 0.00
 %time 1676376487
 %usr 1.94 2.00 2.00 2.02 3.00 2.00 2.00 2.00 1.00 1.01 1.01 2.00 1.98 2.00 2.00 1.98 1.01 1.00 2.00 2.00 3.00 1.00 1.00 1.00 1.98 1.00 2.00 2.97 2.00 2.00 5.00 1.98 2.00
 %sys 98.06 98.00 98.00 97.98 97.00 98.00 98.00 98.00 99.00 98.99 98.99 98.00 98.02 98.00 98.00 98.02 98.99 99.00 98.00 98.00 97.00 99.00 99.00 99.00 98.02 99.00 98.00 97.03 98.00 98.00 95.00 98.02 98.00
 %gnice 0.00 0.00 0.00 0.00 0.00 0.00 0.00 0.00 0.00 0.00 0.00 0.00 0.00 0.00 0.00 0.00 0.00 0.00 0.00 0.00 0.00 0.00 0.00 0.00 0.00 0.00 0.00 0.00 0.00 0.00 0.00 0.00 0.00
 %time 1676376520
 %usr 2.09 1.98 2.00 3.00 1.01 2.97 1.98 1.00 1.00 2.00 6.00 2.00 1.00 1.98 1.98 1.98 1.98 1.00 1.98 2.97 2.00 2.00 2.97 1.98 1.98 2.02 1.01 2.00 1.98 2.00 3.00 1.01 3.00
 %sys 97.91 98.02 98.00 97.00 98.99 97.03 98.02 99.00 99.00 98.00 94.00 98.00 99.00 98.02 98.02 98.02 98.02 99.00 98.02 97.03 98.00 98.00 97.03 98.02 98.02 97.98 98.99 98.00 98.02 98.00 97.00 98.99 97.00
 %gnice 0.00 0.00 0.00 0.00 0.00 0.00 0.00 0.00 0.00 0.00 0.00 0.00 0.00 0.00 0.00 0.00 0.00 0.00 0.00 0.00 0.00 0.00 0.00 0.00 0.00 0.00 0.00 0.00 0.00 0.00 0.00 0.00 0.00
 %time 1676376554
 %usr 2.15 2.00 2.02 2.00 2.00 2.02 1.98 2.00 2.00 1.00 1.98 1.98 2.00 2.00 1.98 1.00 2.02 1.98 1.01 2.97 2.00 2.00 2.00 2.00 1.01 2.00 2.00 2.97 1.01 1.98 7.00 2.97 1.00
 %sys 97.72 98.00 97.98 98.00 98.00 97.98 98.02 98.00 98.00 99.00 98.02 97.03 98.00 98.00 97.03 99.00 97.98 97.03 98.99 97.03 98.00 98.00 98.00 98.00 98.99 98.00 98.00 97.03 98.99 97.03 93.00 97.03 99.00
 %gnice 0.00 0.00 0.00 0.00 0.00 0.00 0.00 0.00 0.00 0.00 0.00 0.00 0.00 0.00 0.00 0.00 0.00 0.00 0.00 0.00 0.00 0.00 0.00 0.00 0.00 0.00 0.00 0.00 0.00 0.00 0.00 0.00 0.00
 %time 1676376582
 %usr 2.19 1.98 1.98 3.00 2.00 2.00 3.00 2.00 2.00 3.00 1.01 2.00 2.00 2.97 2.00 2.00 2.00 2.02 1.98 7.00 3.00 2.00 2.02 2.00 2.00 2.00 2.00 1.00 2.00 1.98 2.00 2.00 2.00
 %sys 97.81 98.02 98.02 97.00 98.00 98.00 97.00 98.00 98.00 97.00 98.99 98.00 98.00 97.03 98.00 98.00 98.00 97.98 98.02 93.00 97.00 98.00 97.98 98.00 98.00 98.00 98.00 99.00 98.00 98.02 98.00 98.00 98.00
 %gnice 0.00 0.00 0.00 0.00 0.00 0.00 0.00 0.00 0.00 0.00 0.00 0.00 0.00 0.00 0.00 0.00 0.00 0.00 0.00 0.00 0.00 0.00 0.00 0.00 0.00 0.00 0.00 0.00 0.00 0.00 0.00 0.00 0.00
 %time 1676376606
 %usr 2.04 1.96 1.98 6.00 1.98 0.99 1.98 1.98 1.00 1.00 1.00 0.99 1.98 1.98 1.98 1.98 1.00 2.97 0.99 3.92 1.98 1.98 0.99 2.94 1.98 0.99 2.94 1.98 2.97 2.94 1.98 1.98 1.00
 %sys 97.81 98.04 98.02 94.00 98.02 99.01 98.02 97.03 99.00 99.00 99.00 99.01 98.02 98.02 98.02 98.02 99.00 96.04 99.01 96.08 98.02 98.02 98.02 97.06 98.02 99.01 97.06 98.02 97.03 97.06 98.02 98.02 99.00
 %gnice 0.00 0.00 0.00 0.00 0.00 0.00 0.00 0.00 0.00 0.00 0.00 0.00 0.00 0.00 0.00 0.00 0.00 0.00 0.00 0.00 0.00 0.00 0.00 0.00 0.00 0.00 0.00 0.00 0.00 0.00 0.00 0.00 0.00
 %time 1676376630
 %usr 2.09 2.00 2.97 2.00 2.00 2.00 2.00 1.98 2.00 2.97 2.97 1.00 1.00 2.00 1.98 3.00 2.00 3.00 1.01 1.98 1.98 2.00 2.02 7.92 1.00 1.00 1.01 2.00 1.98 2.00 1.98 2.00 2.00
 %sys 97.91 98.00 97.03 98.00 98.00 98.00 98.00 98.02 98.00 97.03 97.03 99.00 99.00 98.00 98.02 97.00 98.00 97.00 98.99 98.02 98.02 98.00 97.98 92.08 99.00 99.00 98.99 98.00 98.02 98.00 98.02 98.00 98.00
 %gnice 0.00 0.00 0.00 0.00 0.00 0.00 0.00 0.00 0.00 0.00 0.00 0.00 0.00 0.00 0.00 0.00 0.00 0.00 0.00 0.00 0.00 0.00 0.00 0.00 0.00 0.00 0.00 0.00 0.00 0.00 0.00 0.00 0.00
 %time 1676376663
 %usr 2.23 2.00 2.00 0.99 3.00 1.96 10.89 1.98 1.98 1.98 2.97 1.96 0.99 1.98 1.98 1.98 0.99 2.00 1.98 2.97 2.97 1.98 2.00 1.98 1.98 1.98 1.98 1.98 2.97 1.00 1.98 1.98 1.00
 %sys 97.77 98.00 98.00 99.01 97.00 98.04 89.11 98.02 98.02 98.02 97.03 98.04 99.01 98.02 98.02 98.02 99.01 98.00 98.02 97.03 97.03 98.02 98.00 98.02 98.02 98.02 98.02 98.02 97.03 99.00 98.02 98.02 99.00
 %gnice 0.00 0.00 0.00 0.00 0.00 0.00 0.00 0.00 0.00 0.00 0.00 0.00 0.00 0.00 0.00 0.00 0.00 0.00 0.00 0.00 0.00 0.00 0.00 0.00 0.00 0.00 0.00 0.00 0.00 0.00 0.00 0.00 0.00
 %time 1676376688
 %usr 2.02 0.91 1.82 4.50 3.60 1.80 1.82 2.73 2.70 1.82 1.80 2.73 1.83 2.70 1.82 1.82 1.82 0.91 0.92 2.73 1.82 2.73 1.83 1.82 1.82 1.82 1.82 2.70 3.60 0.91 0.92 1.83 1.82
 %sys 97.87 99.09 98.18 95.50 95.50 98.20 98.18 97.27 97.30 98.18 98.20 97.27 98.17 96.40 98.18 98.18 97.27 99.09 99.08 97.27 98.18 97.27 98.17 98.18 97.27 98.18 98.18 97.30 96.40 99.09 99.08 98.17 97.27
 %gnice 0.00 0.00 0.00 0.00 0.00 0.00 0.00 0.00 0.00 0.00 0.00 0.00 0.00 0.00 0.00 0.00 0.00 0.00 0.00 0.00 0.00 0.00 0.00 0.00 0.00 0.00 0.00 0.00 0.00 0.00 0.00 0.00 0.00
 %time 1676376713
 %usr 1.95 0.99 1.96 2.97 1.98 1.98 0.99 0.99 1.00 1.00 1.00 1.98 1.96 1.00 1.98 1.00 2.94 0.99 1.96 2.97 4.00 1.98 1.96 1.98 1.96 1.98 0.99 1.96 1.98 1.96 1.98 1.98 2.91
 %sys 98.02 99.01 98.04 97.03 98.02 98.02 99.01 99.01 99.00 99.00 99.00 98.02 97.06 99.00 98.02 99.00 97.06 99.01 98.04 97.03 96.00 98.02 98.04 98.02 98.04 98.02 99.01 98.04 98.02 98.04 98.02 98.02 96.12
 %gnice 0.00 0.00 0.00 0.00 0.00 0.00 0.00 0.00 0.00 0.00 0.00 0.00 0.00 0.00 0.00 0.00 0.00 0.00 0.00 0.00 0.00 0.00 0.00 0.00 0.00 0.00 0.00 0.00 0.00 0.00 0.00 0.00 0.00
 %time 1676376744
 %usr 1.86 2.94 1.96 2.00 1.98 1.00 2.97 0.98 1.96 1.00 1.00 2.00 1.98 2.00 1.96 2.97 1.98 2.00 1.98 2.97 1.98 0.99 1.00 1.98 1.98 2.94 1.98 2.00 1.00 1.98 1.98 2.00 3.00
 %sys 97.83 96.08 97.06 98.00 98.02 99.00 97.03 98.04 97.06 99.00 99.00 98.00 98.02 98.00 97.06 97.03 98.02 98.00 98.02 97.03 97.03 99.01 98.00 98.02 98.02 96.08 98.02 98.00 98.00 98.02 98.02 98.00 97.00
 %gnice 0.00 0.00 0.00 0.00 0.00 0.00 0.00 0.00 0.00 0.00 0.00 0.00 0.00 0.00 0.00 0.00 0.00 0.00 0.00 0.00 0.00 0.00 0.00 0.00 0.00 0.00 0.00 0.00 0.00 0.00 0.00 0.00 0.00
 %time 1676376773
 %usr 2.00 2.00 3.00 1.00 2.00 1.98 1.00 1.00 1.01 2.00 2.00 2.00 2.00 2.00 2.00 2.97 2.00 5.00 2.00 2.02 1.01 2.00 2.00 1.98 2.97 1.00 2.00 2.00 2.00 2.00 2.00 2.00 1.98
 %sys 98.00 98.00 97.00 99.00 98.00 98.02 99.00 99.00 98.99 98.00 98.00 98.00 98.00 98.00 98.00 97.03 98.00 95.00 98.00 97.98 98.99 98.00 98.00 98.02 97.03 99.00 98.00 98.00 98.00 98.00 98.00 98.00 98.02
 %gnice 0.00 0.00 0.00 0.00 0.00 0.00 0.00 0.00 0.00 0.00 0.00 0.00 0.00 0.00 0.00 0.00 0.00 0.00 0.00 0.00 0.00 0.00 0.00 0.00 0.00 0.00 0.00 0.00 0.00 0.00 0.00 0.00 0.00
