1676375398        928        922      79828      77209
1676375408       7414       7409     691959     584344
1676375418       1422       1409     136747     159242
1676375429      39875      39873    1277738   23810972
1676375439      30424      30424    1415099   12143428
1676375449      28929      28927    1532140    9423784
1676375460      21681      21679    1035278    8715635
1676375470       3549       3626     221168     784325
1676375480       2494       2836     179293     637722
1676375491       2426       2795     171736     665567
1676375501       2682       3536     182781    1194213
1676375511       2657       4148     193548    1863676
1676375521       3091       4562     221183    1886794
1676375532       2725       4276     192028    1926758
1676375542       2488       3691     181061    1582386
1676375552       3306       8999     248626    6413630
1676375563       2934      10390     218510    8252184
1676375573       1987       4939     147956    3369883
1676375583        796        790      72345      94937
1676375594        947        944      79042      57835
1676375604        740        740      69930      59806
1676375614       1696       8239     113056    7423590
1676375625       2604      20232     134556   19605603
1676375635       3540      25775     154516   25564784
1676375645        938        934      80787      57524
1676375656        691        688      62611      46536
1676375666        681        677      62395      46208
1676375676        919        917      74121      56636
1676375687        715        710      69858      47620
1676375697        911        907      73212      56238
1676375707        681        682      62395      46362
1676375717        918        910      74446      56343
1676375728        716        711      69302      47749
1676375738        725        721      68910      48037
1676375748        933        929      79680      57452
1676375759        724        721      69674      48044
1676375769        938        932      80559      57551
1676375779        729        723      69504      48065
1676375790        714        711      67620      47742
1676375800        949        940      78945      57807
1676375810        714        709      67407      47713
1676375821        944        940      78541      57710
1676375831        714        712      68209      47749
1676375841        726        721      68832      48044
1676375852        930        926      78315      57233
1676375862        724        721      68611      48037
1676375872        932        929      79134      57272
1676375882        727        723      69436      48095
1676375893        933        928      79032      57298
1676375903        726        723      69216      48069
1676375913        717        714      69407      47807
1676375924        946        940      79612      57746
1676375934        714        712      69170      47786
1676375944        940        937      80270      57693
1676375955        727        718      70545      48831
1676375965        724        720      69574      48041
1676375975        942        935      80462      57638
1676375986      20439      19216   19693295   16448458
1676375996        933        929      78884      57261
1676376006        723        725      68102      48169
1676376016        714        713      68309      47782
1676376027        942        939      79363      57626
1676376037        716        715      69117      47855
1676376047        936        934      78991      57507
1676376058        715        711      68919      47742
1676376068        946        942      80117      57825
1676376078        714        713      69704      47782
1676376089        724        722      70335      48044
1676376099        937        932      81335      57664
1676376109        719        718      70863      47850
1676376120        936        932      81844      57496
1676376130        723        722      70860      48058
1676376140        721        716      71161      47858
1676376151        946        943      80257      57829
1676376161        718        713      69863      47762
1676376171        940        931      80683      57410
1676376181        725        721      66799      48059
1676376192        714        710      66933      47727
1676376202        942        939      76922      57575
1676376212        715        713      66768      47793
1676376223        942        935      77801      57572
1676376233        715        712      67578      47775
1676376243        941        940      78604      57689
1676376254        715        711      68383      47742
1676376264        726        723      68996      48084
1676376274        942        935      79826      57578
1676376285        725        721      67760      48022
1676376295        937        932      78468      57462
1676376305        758        758      71647      49709
1676376316        722        717      68172      48056
1676376326        919        917      78251      56610
1676376336       3742       3743     146835    1855668
1676376347        997        994      85818      65709
1676376357        890        886      80159      77143
1676376367        699        697      64943      46986
1676376377        899        894      72919      55841
1676376388        693        689      63310      46640
1676376398        927        921      79417      57098
1676376408        690        687      62591      46488
1676376419        934        930      80182      57372
1676376429        728        722      70315      48058
1676376439        716        711      68463      47719
1676376450        947        942      79643      57765
1676376460        715        709      68249      47698
1676376470        944        939      79373      57688
1676376481        714        710      69109      47773
1676376491        835        828      74091      66971
1676376501        929        926      80219      57269
1676376512        726        722      70439      48058
1676376522        934        928      80043      57296
1676376532        723        721      69190      48018
1676376543       1555       1552     104635     168766
1676376553        727        722      70017      48023
1676376563        715        710      69125      47730
1676376573        947        943      78397      57808
1676376584        715        710      67936      47707
1676376594        946        940      79039      57705
1676376604        714        711      66704      47742
1676376615        724        720      67320      48021
1676376625        933        930      78073      57462
1676376635        724        725      68128      48143
1676376646        930        927      78720      57297
1676376656        726        722      69012      48074
1676376666        717        715      69237      47940
1676376677        940        941      79112      57677
1676376687        716        710      68902      47707
1676376697        947        947      79163      58907
1676376708        714        713      68686      47808
1676376718      37018      37047    1995260   12565076
1676376728      18162      18159     453562   12303541
1676376739        675        676      63252      44793
1676376749        858        856      70365      52995
1676376759        644        645      58116      42679
1676376769        851        853      67792      52032
1676376780        642        642      57897      42599
1676376790        632        634      58085      42370
