1676375397       1090       1085      93841      91879
1676375407       6680       6678     629372     502815
1676375418       1482       1469     147574     125148
1676375428      37757      37754    1232687   22395867
1676375438      30634      30636    1363577   13034505
1676375449      29531      29529    1584561    9332170
1676375459      23514      23509    1118576    9433064
1676375469       3896       3865     646529     794550
1676375480       3058       2809     984022     565511
1676375490       3401       3064    1316925     737640
1676375500       4616       3860    2239206    1206723
1676375511       5848       4389    3560558    1867999
1676375521       5671       4488    3046524    1616701
1676375531       6573       4854    4226651    2204141
1676375541       5101       3912    3005352    1581738
1676375552      15026       9370   12593423    6403189
1676375562      19174      11509   16364857    8295095
1676375572       8507       5406    6519675    3387934
1676375583        779        777      65596      94524
1676375593        689        681      64190      46399
1676375603        944        938      79502      57576
1676375614      14370       8805   13016678    6605944
1676375624      42314      23563   40481471   20345013
1676375634      52977      30499   51462914   25912643
1676375645        946        943      79875      57829
1676375655        683        678      62445      46230
1676375665        727        723      71166      48080
1676375676        936        935      79933      57575
1676375686        727        723      69937      48091
1676375696        939        932      79761      57509
1676375707        720        718      68483      47910
1676375717        716        712      68891      47756
1676375727        942        938      78975      57685
1676375737        713        711      68650      47742
1676375748        937        932      79576      57478
1676375758        715        709      69470      47705
1676375768        728        724      70214      48202
1676375779        934        925      79592      57199
1676375789        724        720      67830      48030
1676375799        937        932      78620      57513
1676375810        724        720      67612      48030
1676375820        927        924      78086      57197
1676375830        722        720      68377      48030
1676375841        720        715      68740      47846
1676375851        944        940      78816      57754
1676375861        714        709      68385      47713
1676375871        945        939      79455      57629
1676375882        716        711      69192      47771
1676375892        719        715      68680      47890
1676375902        939        935      79660      57628
1676375913        722        719      69510      47992
1676375923        929        925      79118      57272
1676375933        720        717      69291      47956
1676375944        722        720      69866      48127
1676375954        950        948      81010      58830
1676375964        717        715      69410      47886
1676375975        944        941      80456      57770
1676375985       7520       4576    6618245    3335495
1676375995        946        943      79350      57802
1676376006        716        718      67928      47985
1676376016        720        720      68460      48015
1676376026        936        934      79318      57610
1676376037        719        720      69163      48025
1676376047        932        931      78837      57384
1676376057        717        716      68944      47912
1676376068        718        719      69466      48096
1676376078        930        929      80021      57359
1676376088        718        716      70169      47912
1676376099        930        930      80827      57392
1676376109        719        719      70971      47992
1676376119        929        925      81565      57222
1676376129        722        722      70842      48096
1676376140        679        680      62353      46281
1676376150        912        911      73205      56340
1676376160        683        682      63238      46405
1676376171        948        943      81862      57586
1676376181        679        679      62353      46274
1676376191        691        690      62649      46589
1676376202        934        932      77909      57517
1676376212        722        722      66895      48096
1676376222        928        925      77407      57226
1676376233        722        722      67703      48070
1676376243        711        712      67872      47827
1676376253        936        933      78804      57496
1676376264        713        712      68691      47782
1676376274        943        941      79656      57629
1676376284        712        710      67453      47735
1676376295        938        937      78368      57557
1676376305        748        751      71479      49512
1676376315        732        728      68405      48405
1676376325        912        907      78032      56398
1676376336       3566       3567     138951    1839287
1676376346       1030       1026      87322      73007
1676376357        890        883      79763      76022
1676376367        723        720      71338      48190
1676376377        949        947      79385      58203
1676376387        710        706      68235      47512
1676376398        939        933      79368      57472
1676376408        712        710      69207      47716
1676376418        725        723      69870      48085
1676376429        935        927      80388      57245
1676376439        724        721      68607      48044
1676376449        937        933      79420      57520
1676376460        723        719      68389      47988
1676376470        930        927      78981      57317
1676376480       1425       1421      92001     177013
1676376491        680        675      62372      46159
1676376501        908        907      74182      56244
1676376511        713        708      68960      47634
1676376522        910        905      73230      56187
1676376532        686        682      62539      46363
1676376542        695        691      64281      46681
1676376553        938        933      80758      57541
1676376563        682        677      62285      46128
1676376573        905        902      73062      56060
1676376584        690        687      63733      46575
1676376594        939        931      79586      57336
1676376604        685        683      62482      46385
1676376614        685        681      62484      46326
1676376625        912        909      74783      56282
1676376635        712        714      67051      47769
1676376645        909        907      73208      56243
1676376656        688        684      63595      46489
1676376666        710        708      66348      47537
1676376676        910        909      74674      56338
1676376687        686        682      62501      46358
1676376697        941        937      80813      57515
1676376707        717        717      68705      47937
1676376718      34066      34080    1902816   10731435
1676376728      20271      20257     509043   13465263
1676376738        670        671      63108      44668
1676376749        863        861      70439      53109
1676376759        639        640      57970      42554
1676376769        846        848      67535      51843
1676376779        641        641      57838      42592
1676376790        631        633      58025      42363
