1676375398        851        846      73483      58991
1676375408       6727       6721     625051     524963
1676375419       2055       2045     191146     223884
1676375429      39873      39872    1271322   23820090
1676375439      30362      30363    1412281   12130011
1676375450      29270      29267    1552235    9536674
1676375460      21208      21207    1010167    8579989
1676375470       3178       3294     204491     766399
1676375480       2557       2905     186276     641498
1676375491       2249       2669     166350     660260
1676375501       2527       3347     176301    1185622
1676375511       2518       4034     193941    1859088
1676375522       2743       4286     211021    1875962
1676375532       2575       4162     193439    1924148
1676375542       2262       3524     179203    1574142
1676375552       3153       8945     250594    6414491
1676375563       2768      10292     216005    8249940
1676375573       1872       4867     143934    3365990
1676375583        759        752      64940      93334
1676375594        700        695      63514      46799
1676375604        960        957      80645      69282
1676375614       1627       8214     105627    7422274
1676375625       2049      20193     116287   19603938
1676375635       2524      25741     126608   25557252
1676375645        713        711      68887      47678
1676375656        911        906      73124      56172
1676375666        681        675      62389      46164
1676375676        918        911      75035      56468
1676375687        714        708      69814      47576
1676375697        909        905      73195      56202
1676375708        681        681      62389      46325
1676375718        727        720      70093      48029
1676375728        896        893      72707      55695
1676375739        691        687      62604      46503
1676375749        914        908      74276      56428
1676375759        718        711      68428      47643
1676375770        683        677      62533      46308
1676375780        913        909      73237      56263
1676375790        689        683      64217      46544
1676375801        938        930      79609      57183
1676375811        681        678      62392      46230
1676375821        912        908      73293      56322
1676375831        691        686      64898      46602
1676375842        717        710      67128      47613
1676375852        905        901      73044      55993
1676375862        691        685      62604      46459
1676375873        917        913      75369      56599
1676375883        716        714      67054      47716
1676375893        681        677      62392      46208
1676375904        923        919      75903      56690
1676375914        707        702      67524      47384
1676375924        913        908      73226      56267
1676375935        681        678      62390      46237
1676375945        703        697      65053      46973
1676375955        942        936      78692      58314
1676375966        691        687      62603      46488
1676375976        903        898      73012      56009
1676375986       3350      19773     131031   19653319
1676375997        934        927      79103      57208
1676376007        691        690      62605      46613
1676376017        681        677      62390      46219
1676376028        919        912      74762      56527
1676376038        706        704      67268      47432
1676376048        912        909      73390      56384
1676376059        691        686      64666      46602
1676376069        722        720      68543      48079
1676376079        894        891      72514      55523
1676376089        691        687      62608      46503
1676376100        903        902      73562      56152
1676376110        725        722      71077      48077
1676376120        718        715      71348      47874
1676376131        939        935      81166      57521
1676376141        716        712      71049      47778
1676376151        949        947      81249      57909
1676376162        719        712      70815      47747
1676376172        952        944      80974      57803
1676376182        710        708      66298      47593
1676376193        726        722      67136      48051
1676376203        935        931      76896      57495
1676376213        724        722      66914      48096
1676376224        929        924      77478      57285
1676376234        714        710      67503      47757
1676376244        724        722      68123      48096
1676376255        934        931      78888      57499
1676376265        725        723      68923      48084
1676376275        934        929      79440      57320
1676376286        695        690      62738      46604
1676376296        902        897      72986      55930
1676376306        728        731      67423      48413
1676376316        719        715      68338      47949
1676376327       3907       3903     148838    1861542
1676376337        737        737      67734      55435
1676376347        927        924      79202      56939
1676376358        865        862      77351      76243
1676376368        698        698      63751      46993
1676376378        899        894      72795      55766
1676376389        695        692      64337      46688
1676376399        929        925      79373      57137
1676376409        690        685      62583      46454
1676376420        679        676      62342      46182
1676376430        940        936      80511      57558
1676376440        712        708      68333      47693
1676376451        936        933      79241      57489
1676376461        713        710      68146      47735
1676376471        939        933      79083      57472
1676376482        826        822      73590      66869
1676376492        722        719      69540      48004
1676376502        930        926      80329      57420
1676376513        725        719      70372      47995
1676376523        927        925      79912      57278
1676376533        722        719      70138      48023
1676376543       1338       1334      95159     159149
1676376554        943        936      81483      57717
1676376564        680        677      62372      46208
1676376574        913        908      73219      56232
1676376585        684        682      63579      46420
1676376595        725        719      69154      47882
1676376605        902        896      72987      55923
1676376616        689        688      62560      46544
1676376626        904        901      74640      56074
1676376636        719        717      67152      47890
1676376647        903        896      73060      55988
1676376657        689        687      62557      46499
1676376667        688        687      63798      46655
1676376678        935        930      78539      57311
1676376688        683        681      62558      46397
1676376698        909        907      73145      56275
1676376709        684        681      63158      46415
1676376719      36336      36332    1982178   11339796
1676376729      18267      18265     430982   12939223
1676376739        644        645      56922      43436
1676376750        847        847      67808      52579
1676376760        621        621      53264      41564
1676376770        600        602      51657      40884
1676376781        838        839      64157      51093
1676376791        623        622      56690      41805
