1676375397       1045       1036      89825      86256
1676375408       6732       6729     635054     508291
1676375418       1377       1364     137047     118185
1676375428      38745      38742    1254592   23144049
1676375439      29777      29789    1346120   12317588
1676375449      30055      30046    1593761    9766016
1676375459      22816      22813    1098023    8966587
1676375469       3745       3736     435643     790142
1676375480       2804       2778     584046     569078
1676375490       3061       3017     747696     736456
1676375500       3564       3503    1205393    1193883
1676375511       4364       4259    1881503    1867599
1676375521       4242       4223    1624815    1607580
1676375531       4685       4679    2210652    2201197
1676375542       3962       3951    1600695    1587709
1676375552       8836       8801    6399109    6385741
1676375562      10940      10927    8299560    8284690
1676375572       5139       5130    3331486    3378226
1676375583        773        773      66049      94204
1676375593        913        911      74823      56318
1676375603        713        708      68018      47529
1676375614       7892       7973    6558818    6578666
1676375624      21580      21813   20286676   20301539
1676375634      27596      27569   25789204   25808234
1676375645        932        928      78566      57211
1676375655        690        687      62619      46504
1676375665        912        909      74156      56367
1676375676        695        692      64431      46746
1676375686        713        710      68856      47563
1676375696        917        910      74406      56503
1676375707        685        683      63419      46396
1676375717        934        930      78303      57354
1676375727        685        679      62470      46282
1676375737        691        687      63683      46575
1676375748        913        909      74791      56308
1676375758        712        709      67546      47546
1676375768        907        900      73208      56165
1676375779        693        688      63793      46589
1676375789        688        685      63658      46516
1676375799        935        929      79128      57288
1676375810        685        682      62472      46333
1676375820        908        904      73424      56289
1676375830        691        685      64211      46493
1676375841        935        929      78146      57350
1676375851        685        680      62470      46304
1676375861        692        686      63000      46538
1676375871        931        926      78881      57283
1676375882        691        687      62598      46525
1676375892        907        901      73618      56202
1676375902        694        690      64187      46659
1676375913        712        710      68096      47605
1676375923        905        899      73092      56066
1676375933        685        681      63045      46420
1676375944        914        910      74269      56377
1676375954        725        717      68764      48805
1676375964        685        681      62473      46337
1676375975        911        909      73804      56321
1676375985      10894       8093    9886804    6609883
1676375995        932        923      79386      57001
1676376006        690        690      62614      46613
1676376016        908        906      73906      56261
1676376026        693        689      63769      46634
1676376037        707        706      66844      47506
1676376047        909        904      74072      56308
1676376057        689        685      64040      46478
1676376068        934        935      77671      57506
1676376078        687        684      63352      46490
1676376088        693        690      63625      46641
1676376098        909        906      74165      56287
1676376109        709        705      67622      47416
1676376119        907        902      74035      56130
1676376129        691        690      63695      46648
1676376140        691        686      64123      46552
1676376150        934        928      79000      57170
1676376160        690        686      63716      46530
1676376171        910        905      74272      56214
1676376181        695        690      63807      46687
1676376191        935        927      77933      57232
1676376202        693        689      63925      46622
1676376212        695        692      64537      46771
1676376222        926        921      76205      56986
1676376233        688        687      62960      46556
1676376243        912        910      73250      56331
1676376253        689        683      62951      46472
1676376264        712        707      67703      47528
1676376274        910        907      73754      56313
1676376284        687        683      62514      46385
1676376295        905        902      73542      56153
1676376305        757        754      73555      49485
1676376315        882        880      72540      54969
1676376326       1081       1077      79289     115702
1676376336       3298       3299     124460    1790336
1676376346        937        934      82608      57620
1676376356        866        862      74616      75993
1676376367        915        913      74434      56528
1676376377        693        688      63498      46702
1676376387        714        708      69531      47509
1676376398        903        898      72962      55954
1676376408        687        682      62518      46363
1676376418        908        904      73893      56159
1676376429        718        713      69206      47723
1676376439        685        681      62475      46311
1676376449        907        904      73100      56119
1676376460        688        685      63475      46496
1676376470        932        926      79000      57187
1676376480       1418       1415      91836     176832
1676376491        910        904      73210      56206
1676376501        690        687      63664      46560
1676376512        718        711      69185      47707
1676376522        904        900      73039      56046
1676376532        686        682      62492      46358
1676376543        946        941      81422      57801
1676376553        686        682      62488      46359
1676376563        684        680      62449      46299
1676376574        911        905      74387      56243
1676376584        714        709      68488      47534
1676376594        910        903      74340      56169
1676376604        683        678      62432      46245
1676376615        692        911      73576      56412
1676376625        930        704      67291      47401
1676376635        694        692      63458      46718
1676376646        903        900      73014      56027
1676376656        692        689      63105      46614
1676376666        934        930      78180      57523
1676376677        697        693      64051      46751
1676376687        682        678      62402      46241
1676376697        913        911      73787      56360
1676376708        713        710      69081      47662
1676376718      37364      37375    1966073   12976798
1676376728      17984      17983     441375   12274980
1676376739        656        657      59917      43984
1676376749        832        831      63790      51868
1676376759        616        617      53325      41371
1676376770        826        828      63282      50874
1676376780        630        630      56735      41949
1676376790        831        831      63850      51026
