1676375397       1553       1543     137914     104734
1676375407       8461       8461     740681     627180
1676375418       1860       1838     192009     131985
1676375428      61113      61109    1971666   32464084
1676375438      32868      32864    1420958   14990568
1676375449      31292      31286    1638152   10763094
1676375459      24074      24068    1154988    9590286
1676375473       6059       5785    1072983     374747
1676375489       6244       4856    2259543     316111
1676375507       9395       5816    4678252     379621
1676375527      11585       6014    6804130     394024
1676375548      17714       6351   13131577     400691
1676375569      31907       8358   27329701     505410
1676375593       1529       1572     132550     194410
1676375622      56699       9454   53484751     450912
1676375651      54423       7883   52453679     355431
1676375676       1166       1181     100392      72337
1676375709       1207       1229     106629      74151
1676375739       1202       1216     102855      73521
1676375770       1440       1460     117966      84402
1676375798       1174       1187     101192      72350
1676375826       1198       1213     106500      73865
1676375854       1170       1177     100283      71957
1676375886       1230       1262     108868      75337
1676375915       1384       1401     111809      82183
1676375949       1269       1298     114493      77383
1676375981       1217       1239     105364      74338
1676376009       1190       1233     103412      76300
1676376038       1208       1218     105597      73758
1676376073       1421       1437     114807      83703
1676376100       1189       1199     103190      73125
1676376129       1202       1211     105937      73503
1676376154       1153       1168     100028      71925
1676376184       1208       1228     107100      74199
1676376210       1166       1175     100891      72460
1676376236       1217       1228     107653      73874
1676376262       1167       1179     101001      72293
1676376290       1413       1423     117427      83190
1676376324       1225       1250     107338      74894
1676376347       5059       5085     223598    2135328
1676376375       4898       4890     183502    2798163
1676376410       1221       1243     106883      74862
1676376442       1580       1587     119266     111786
1676376472       1321       1333     110622      95997
1676376505       4255       4272     225528     623673
1676376541       1494       1510     118966      94407
1676376569       1264       1278     104932      89750
1676376593       2754       2766     121637    1655271
1676376616       1199       1208     103399      78495
1676376648       1197       1215     106293      73762
1676376674       2739       2761     122815    1538014
1676376699       5175       5191     160646    3723084
1676376727       1265       1282     107817      76533
1676376756       1297       1293     115888      88155
1676376783        966        966      79296      58954
