1676375398       1025       1020      88684      85398
1676375408       7099       7096     664774     546858
1676375418       1299       1288     129852     101903
1676375428      39374      39372    1282163   23316153
1676375439      29618      29620    1336275   12270152
1676375449      30099      30097    1603184    9719816
1676375459      22494      22490    1086642    8888319
1676375470       3375       3448     212033     777513
1676375480       2641       2932     188211     577508
1676375490       2328       2723     167186     724968
1676375501       2853       3674     196882    1204468
1676375511       2689       4168     197728    1863285
1676375521       2678       4104     197214    1862599
1676375531       3084       4560     215717    1943177
1676375542       2326       3496     175263    1569580
1676375552       3339       8836     239705    6395980
1676375562       3768      10528     250344    8270612
1676375573       2347       5037     164717    3376185
1676375583        791        790      71289      94952
1676375593        726        721      68424      48046
1676375604        947        940      79620      58155
1676375614       1870       7659     116595    6828640
1676375624       3110      20747     145779   20141449
1676375635       3520      25860     154843   25630196
1676375645        722        716      70389      47897
1676375655        948        943      80381      57826
1676375665        712        711      68881      47742
1676375676        941        941      79950      57688
1676375686        716        713      69720      47796
1676375696        724        721      69284      48044
1676375707        927        929      78751      57358
1676375717        724        721      69065      48044
1676375727        935        933      78867      57513
1676375738        722        720      68849      48030
1676375748        926        924      79395      57270
1676375758        724        722      69655      48051
1676375769        715        714      68959      47900
1676375779        947        942      79979      57738
1676375789        712        710      67578      47735
1676375800        941        938      78610      57615
1676375810        712        711      67362      47742
1676375820        724        723      68062      48116
1676375830        928        923      78724      57399
1676375841        724        721      68787      48044
1676375851        928        927      78274      57240
1676375862        722        720      68571      48030
1676375872        927        926      79062      57244
1676375882        724        724      69377      48117
1676375893        712        711      68542      47742
1676375903        939        937      79711      57755
1676375913        714        714      69350      47822
1676375923        914        911      73294      56365
1676375934        679        680      62343      46281
1676375944        693        693      63716      46759
1676375954        939        937      79729      58365
1676375965        690        689      62580      46543
1676375975        899        899      72948      56009
1676375985      14444      11613   13162623    9885121
1676375996        714        710      69732      47594
1676376006        911        912      73166      56410
1676376016        680        679      62368      46275
1676376027        904        903      74089      56092
1676376037        718        719      67952      47939
1676376047        899        898      73021      56042
1676376057        689        687      62558      46503
1676376068        687        687      64229      46655
1676376078        934        933      79365      57360
1676376088        679        677      62343      46208
1676376099        918        918      74429      56644
1676376109        708        708      69627      47611
1676376119        689        687      62558      46503
1676376130        934        933      82266      57557
1676376140        726        724      71280      48124
1676376150        930        931      79730      57334
1676376161        727        727      70103      48165
1676376171        720        717      70228      47864
1676376181        938        937      77069      57587
1676376192        679        677      62343      46208
1676376202        911        910      73177      56307
1676376212        685        685      63903      46485
1676376222        932        930      76968      57340
1676376233        680        678      62365      46241
1676376243        689        690      62558      46602
1676376253        901        897      73906      56039
1676376264        718        719      67739      47921
1676376274        904        905      73086      56177
1676376284        690        687      62580      46503
1676376295        685        683      63945      46445
1676376305        980        975      83695      59267
1676376315        687        684      62841      46557
1676376326       1421       1417      94647     150413
1676376336       3148       3147     119348    1763919
1676376346        735        733      72819      48554
1676376357       1072       1067      83403      85106
1676376367        706        703      65422      47255
1676376377        931        926      79415      57220
1676376388        726        721      68749      48022
1676376398        930        926      79211      57214
1676376408        723        719      69494      48003
1676376418        715        710      69701      47727
1676376429        949        941      80917      57789
1676376439        714        711      68435      47729
1676376449        943        936      79496      57586
1676376460        713        709      68218      47709
1676376470        723        720      68841      48010
1676376480       1046       1041      84223      76563
1676376491        723        719      69644      48004
1676376501        931        927      80252      57244
1676376512        727        722      70456      48038
1676376522        929        924      78924      57204
1676376532        722        719      69186      48004
1676376543       1337       1334      94230     159177
1676376553        950        944      80675      57799
1676376563        716        710      69155      47695
1676376574        942        938      78212      57608
1676376584        715        710      67962      47727
1676376594        726        720      68532      48005
1676376605        936        932      77345      57506
1676376615        724        720      67342      48026
1676376625        926        921      77783      57122
1676376636        714        714      67936      47841
1676376646        724        719      68551      48019
1676376656        928        923      79020      57147
1676376667        730        727      69582      48324
1676376677        930        926      78832      57225
1676376687        724        719      69127      48000
1676376698        927        924      78567      57206
1676376708        723        721      68903      48059
1676376718      36959      36947    1970735   12564748
1676376728      18029      18027     449923   12248711
1676376739        663        664      63023      44468
1676376749        871        869      70736      53377
1676376759        633        634      57910      42377
1676376770        641        643      57505      42658
1676376780        846        848      68230      52041
1676376790        641        641      58310      42592
