1676375398        972        967      84686      80564
1676375408       7436       7425     711360     580602
1676375418       1119       1115      98254     111067
1676375429      39843      39847    1278797   23819333
1676375439      29867      29884    1375707   12007448
1676375449      29118      29093    1546113    9468514
1676375460      22279      22277    1073639    8845871
1676375470       3557       3645     216884     784428
1676375480       2448       2725     177592     567468
1676375490       2624       2994     178549     738326
1676375501       2590       3403     179462    1190656
1676375511       2689       4167     197583    1863867
1676375521       2945       4394     206984    1878130
1676375532       2785       4276     195376    1928765
1676375542       2675       3892     190918    1591805
1676375552       3152       8761     241412    6402171
1676375563       3410      10571     230650    8260802
1676375573       1829       4670     136400    3356929
1676375583        764        763      65873      93678
1676375594        927        923      77940      56949
1676375604        719        721      64654      58681
1676375614       2010       8417     119723    7430997
1676375625       2073      19992     112058   19594959
1676375635       2830      25756     136970   25558648
1676375645        918        914      74650      56470
1676375656        680        681      62374      46316
1676375666        910        905      74297      56276
1676375676        712        709      69238      47625
1676375686        911        907      73196      56260
1676375697        686        683      63684      46434
1676375708        709        708      66657      47409
1676375718        907        903      74435      56162
1676375728        697        692      64034      46692
1676375739        907        903      73518      56235
1676375749        709        705      66307      47284
1676375759        689        685      64286      46588
1676375770        917        912      74259      56527
1676375780        689        685      63089      46501
1676375790        926        918      77332      56759
1676375801        693        686      64602      46617
1676375811        695        690      64033      46648
1676375821        907        901      73758      56148
1676375831        713        707      66888      47540
1676375842        901        898      73661      55992
1676375852        693        689      63393      46634
1676375862        913        907      73779      56355
1676375873        711        707      67276      47441
1676375883        689        686      63813      46537
1676375893        909        905      74092      56319
1676375904        687        685      63068      46497
1676375914        929        925      77505      57015
1676375924        687        684      63321      46464
1676375935        693        691      63681      46700
1676375945        909        907      73905      56319
1676375955        720        715      67439      48553
1676375966        908        899      74354      56101
1676375976        695        691      63823      46692
1676375986      18154      14278   16446833   13146171
1676375996        713        706      67698      47385
1676376007        691        691      63748      46764
1676376017        913        908      74035      56307
1676376027        703        698      66140      47195
1676376038        913        909      74545      56494
1676376048        683        678      62427      46256
1676376058        697        692      64149      46802
1676376069        928        927      77745      57238
1676376079        693        689      63399      46645
1676376089        907        900      73145      56078
1676376100        697        695      64402      46890
1676376110        703        699      67785      47239
1676376120        916        912      74611      56468
1676376131        683        679      62427      46267
1676376141        918        913      75098      56456
1676376151        708        706      68621      47339
1676376162        916        908      74162      56409
1676376172        683        681      62427      46333
1676376182        725        720      69673      47903
1676376192        905        897      74038      55948
1676376203        681        678      62384      46241
1676376213        914        910      73310      56369
1676376223        709        705      66481      47538
1676376234        695        693      63395      46759
1676376244        899        896      72979      55966
1676376254        691        687      62603      46503
1676376265        926        922      77876      57046
1676376275        697        694      63931      46773
1676376285        685        681      62518      46331
1676376296        912        908      73201      56252
1676376306        751        748      73017      49405
1676376316        882        878      72643      55020
1676376327        795        790      68430      65439
1676376337       3670       3666     141444    1826318
1676376347        729        724      74179      48370
1676376358        849        846      72224      74326
1676376368        905        904      73145      56164
1676376378        706        700      66223      47169
1676376389        916        913      75505      56589
1676376399        692        689      63416      46634
1676376409        682        677      62405      46218
1676376420        927        923      76569      56967
1676376430        696        692      65226      46851
1676376440        916        910      74565      56370
1676376450        681        678      62379      46241
1676376461        708        704      66786      47262
1676376471        914        910      75133      56565
1676376481       1425       1422      92823     177132
1676376492        906        902      73065      56060
1676376502        706        700      66454      47189
1676376512        915        911      75599      56676
1676376523        694        691      63992      46655
1676376533        700        695      66873      47019
1676376543        916        912      75523      56462
1676376554        686        684      63238      46464
1676376564        912        907      73271      56266
1676376574        701        695      66569      47002
1676376585        702        699      65557      47050
1676376595        909        902      74388      56188
1676376605        687        683      62504      46391
1676376616        913        909      75602      56522
1676376626        701        697      64881      46999
1676376636        908        906      73892      56255
1676376647        687        684      62504      46424
1676376657        699        694      65055      46990
1676376667        922        920      75851      56893
1676376677        687        682      63780      46429
1676376688        930        925      76538      57047
1676376698        697        693      65326      46895
1676376708        691        689      63284      46647
1676376719      35551      35524    1982735   10503095
1676376729      18152      18149     424510   12946247
1676376739        868        867      69798      53443
1676376750        620        619      53638      42389
1676376760        612        612      54327      41303
1676376770        827        829      62402      50825
1676376781        621        623      56179      41852
1676376791        827        827      63185      50888
