1676375397       3388       3379     243977     247913
1676375407       6686       6685     630141     503522
1676375418       1438       1425     145212     122910
1676375428      37229      37226    1215950   22041887
1676375438      31157      31155    1381025   13360337
1676375449      29336      29336    1575959    9326277
1676375459      23695      23692    1121683    9467300
1676375469       3844       3768     648030     791157
1676375479       2996       2656     982510     562020
1676375490       3491       3082    1318517     737789
1676375500       4357       3543    2228483    1195502
1676375510       5917       4432    3565123    1872336
1676375521       5439       4216    3037649    1609782
1676375531       6424       4640    4217003    2194520
1676375541       5200       3982    3009909    1585813
1676375552      14895       9317   12589203    6402809
1676375562      19263      11969   16368424    8307444
1676375572       8167       5339    6508060    3384019
1676375582        769        768      65385      94253
1676375593        919        914      74911      56436
1676375603        713        709      68749      47623
1676375613      14031       8743   12487680    6343285
1676375624      42388      23659   40872400   20540783
1676375634      53627      30540   51610122   25954923
1676375644        710        710      68814      47647
1676375655        689        689      62558      46532
1676375665        906        900      73126      56025
1676375675        697        692      64394      46729
1676375686        945        940      81570      57752
1676375696        725        719      69298      48015
1676375706        713        713      68461      47860
1676375716        944        939      79666      57765
1676375727        713        709      68243      47728
1676375737        942        937      79300      57612
1676375747        713        710      69049      47735
1676375758        724        720      69661      48037
1676375768        934        928      80317      57391
1676375778        727        721      69451      48051
1676375789        927        922      77897      57183
1676375799        725        720      68207      48037
1676375809        927        923      77679      57190
1676375820        713        708      67774      47706
1676375830        723        718      68392      47986
1676375840        936        930      79177      57484
1676375850        725        722      68248      48089
1676375861        929        924      78758      57285
1676375871        724        722      68975      48077
1676375881        715        713      69168      47815
1676375892        944        939      79374      57769
1676375902        715        713      68964      47789
1676375912        941        937      79892      57594
1676375923        713        710      68731      47735
1676375933        724        722      69368      48070
1676375943        930        929      79868      57343
1676375954        741        738      70947      49616
1676375964        929        926      79652      57259
1676375974        729        725      69977      48131
1676375984       4183       1389    3352631      72372
1676375995        724        720      68678      48043
1676376005        681        681      62387      46340
1676376015        915        907      73335      56303
1676376026        685        682      63595      46405
1676376036        937        932      78370      57478
1676376046        681        677      62388      46219
1676376057        691        686      62603      46481
1676376067        911        907      74893      56382
1676376077        718        715      69020      47844
1676376088        903        896      73007      55958
1676376098        691        689      62603      46569
1676376108        686        683      63632      46456
1676376119        936        931      80667      57514
1676376129        681        679      62388      46259
1676376139        912        910      73215      56307
1676376150        687        682      64172      46412
1676376160        951        945      81917      57798
1676376170        680        678      62366      46252
1676376181        694        694      63739      46788
1676376191        928        921      77706      56939
1676376201        702        698      65362      46944
1676376211        906        905      73183      56227
1676376222        701        694      64511      46871
1676376232        697        695      65560      46990
1676376242        919        919      74210      56724
1676376253        681        675      62387      46164
1676376263        914        909      74316      56344
1676376273        703        698      66583      47194
1676376284        699        695      63878      46883
1676376294        904        899      73025      56005
1676376304        732        732      68561      48477
1676376315        893        889      75485      55520
1676376325        828        823      69976      68644
1676376336       3862       3864     149301    1850442
1676376346        723        722      70878      48131
1676376356        846        841      72622      75232
1676376367        922        921      77429      56864
1676376377        691        684      64281      46550
1676376387        927        921      77246      56879
1676376398        680        678      62367      46215
1676376408        698        694      64673      46861
1676376418        903        899      74026      56034
1676376429        700        698      66514      47192
1676376439        910        906      73176      56227
1676376449        690        685      64726      46576
1676376460        917        912      74875      56433
1676376470        702        698      67318      47172
1676376480        693        688      62729      46572
1676376490       1016       1011      79875      75242
1676376501        711        706      67135      47416
1676376512        906        899      73174      56075
1676376522        691        687      62604      46488
1676376532        687        685      64223      46569
1676376543       1563       1557     105038     168786
1676376553        680        678      62367      46215
1676376563        913        908      73223      56252
1676376573        689        685      64496      46576
1676376584        720        713      68955      47648
1676376594        901        893      72909      55830
1676376604        690        686      62582      46481
1676376615        906        905      74261      56283
1676376625        717        714      68207      47678
1676376635        904        901      73076      56129
1676376646        698        696      64189      46916
1676376656        705        699      66990      47304
1676376666        908        905      73063      56171
1676376677        683        682      62466      46345
1676376687        923        918      75099      56668
1676376697        705        703      68276      47382
1676376708        690        687      62582      46510
1676376718      36914      36909    1965640   12532913
1676376728      18004      17996     441741   12274421
1676376739        872        873      72112      53609
1676376749        616        616      52368      42244
1676376759        818        818      62139      50502
1676376770        616        618      53233      41511
1676376780        629        628      59237      42025
1676376790        830        829      62464      50818
