time              msgs_alloc        msgs_max          errors            send_count        recv_count        route_count       drop_count        send_length       recv_length       route_length      drop_length      
1676375397        0                 109               0                 22285388          23167946          0                 6                 833766552798      448952660011      0                 1344             
1676375407        0                 109               0                 22288742          23171221          0                 6                 833768495846      448954107549      0                 1344             
1676375418        0                 109               0                 22289422          23171880          0                 6                 833768955607      448954481399      0                 1344             
1676375428        0                 109               0                 22295974          23178431          0                 6                 833771650129      449040486339      0                 1344             
1676375438        0                 109               0                 22304125          23186580          0                 6                 833775117047      449091870680      0                 1344             
1676375449        0                 109               0                 22313473          23195927          0                 6                 833779326995      449127086006      0                 1344             
1676375459        0                 109               0                 22320056          23202508          0                 6                 833782214409      449163363400      0                 1344             
1676375469        0                 109               0                 22320547          23202999          0                 6                 833782465407      449164954064      0                 1344             
1676375479        0                 109               0                 22320898          23203350          0                 6                 833782675642      449165084232      0                 1344             
1676375490        0                 109               0                 22321344          23203795          0                 6                 833782890582      449165231552      0                 1344             
1676375500        0                 109               0                 22321680          23204130          0                 6                 833783081988      449165358392      0                 1344             
1676375510        0                 109               0                 22322128          23204577          0                 6                 833783297387      449165506096      0                 1344             
1676375521        0                 109               0                 22322482          23204930          0                 6                 833783510513      449165636752      0                 1344             
1676375531        0                 109               0                 22322821          23205268          0                 6                 833783701420      449165763424      0                 1344             
1676375541        0                 109               0                 22323262          23205708          0                 6                 833783916343      449165910424      0                 1344             
1676375552        0                 109               0                 22323605          23206050          0                 6                 833784112276      449166038000      0                 1344             
1676375562        0                 109               0                 22324057          23206502          0                 6                 833784349323      449166187528      0                 1344             
1676375572        0                 109               0                 22324406          23206850          0                 6                 833784542886      449166559123      0                 1344             
1676375582        0                 109               0                 22324749          23207192          0                 6                 833784736121      449166862327      0                 1344             
1676375593        0                 109               0                 22325195          23207638          0                 6                 833784957196      449167009871      0                 1344             
1676375603        0                 109               0                 22325543          23207986          0                 6                 833785170911      449167139431      0                 1344             
1676375613        0                 109               0                 22325989          23208431          0                 6                 833785385586      449167286751      0                 1344             
1676375624        0                 109               0                 22326324          23208765          0                 6                 833785576485      449167413399      0                 1344             
1676375634        0                 109               0                 22326771          23209212          0                 6                 833785795812      449167561135      0                 1344             
1676375644        0                 109               0                 22327119          23209560          0                 6                 833786009755      449167690695      0                 1344             
1676375655        0                 109               0                 22327459          23209899          0                 6                 833786200654      449167817663      0                 1344             
1676375665        0                 109               0                 22327900          23210339          0                 6                 833786415297      449167964663      0                 1344             
1676375675        0                 109               0                 22328241          23210680          0                 6                 833786613013      449168092047      0                 1344             
1676375686        0                 109               0                 22328697          23211138          0                 6                 833786858703      449168242759      0                 1344             
1676375696        0                 109               0                 22329052          23211493          0                 6                 833787073621      449168373055      0                 1344             
1676375706        0                 109               0                 22329403          23211843          0                 6                 833787286055      449168503031      0                 1344             
1676375716        0                 109               0                 22329864          23212304          0                 6                 833787523845      449168653679      0                 1344             
1676375727        0                 109               0                 22330215          23212654          0                 6                 833787735407      449168783655      0                 1344             
1676375737        0                 109               0                 22330675          23213113          0                 6                 833787971877      449168933919      0                 1344             
1676375747        0                 109               0                 22331026          23213463          0                 6                 833788186663      449169063895      0                 1344             
1676375758        0                 109               0                 22331381          23213818          0                 6                 833788403061      449169194191      0                 1344             
1676375768        0                 109               0                 22331833          23214271          0                 6                 833788644143      449169343943      0                 1344             
1676375778        0                 109               0                 22332187          23214626          0                 6                 833788859669      449169474239      0                 1344             
1676375789        0                 109               0                 22332641          23215079          0                 6                 833789091687      449169623991      0                 1344             
1676375799        0                 109               0                 22332996          23215434          0                 6                 833789302245      449169754287      0                 1344             
1676375809        0                 109               0                 22333450          23215887          0                 6                 833789533391      449169904039      0                 1344             
1676375820        0                 109               0                 22333801          23216237          0                 6                 833789743077      449170034015      0                 1344             
1676375830        0                 109               0                 22334157          23216592          0                 6                 833789954375      449170164311      0                 1344             
1676375840        0                 109               0                 22334613          23217048          0                 6                 833790191029      449170314639      0                 1344             
1676375850        0                 109               0                 22334969          23217403          0                 6                 833790401455      449170444935      0                 1344             
1676375861        0                 109               0                 22335424          23217857          0                 6                 833790636789      449170594879      0                 1344             
1676375871        0                 109               0                 22335779          23218212          0                 6                 833790850439      449170725175      0                 1344             
1676375881        0                 109               0                 22336129          23218562          0                 6                 833791065701      449170855151      0                 1344             
1676375892        0                 109               0                 22336591          23219023          0                 6                 833791302223      449171005799      0                 1344             
1676375902        0                 109               0                 22336941          23219373          0                 6                 833791516614      449171135775      0                 1344             
1676375912        0                 109               0                 22337399          23219831          0                 6                 833791755689      449171285847      0                 1344             
1676375923        0                 109               0                 22337750          23220181          0                 6                 833791969208      449171415823      0                 1344             
1676375933        0                 109               0                 22338106          23220536          0                 6                 833792184339      449171546119      0                 1344             
1676375943        0                 109               0                 22338560          23220989          0                 6                 833792424154      449171695871      0                 1344             
1676375954        0                 109               0                 22338915          23221344          0                 6                 833792642509      449171826167      0                 1344             
1676375964        0                 109               0                 22339369          23221797          0                 6                 833792881452      449171975919      0                 1344             
1676375974        0                 109               0                 22339723          23222152          0                 6                 833793098938      449172106215      0                 1344             
1676375984        0                 109               0                 22340201          23222630          0                 6                 833793344811      449172265319      0                 1344             
1676375995        0                 109               0                 22340556          23222985          0                 6                 833793557351      449172395615      0                 1344             
1676376005        0                 109               0                 22340891          23223319          0                 6                 833793748253      449172522263      0                 1344             
1676376015        0                 109               0                 22341337          23223764          0                 6                 833793962899      449172669583      0                 1344             
1676376026        0                 109               0                 22341674          23224100          0                 6                 833794158286      449172796647      0                 1344             
1676376036        0                 109               0                 22342132          23224557          0                 6                 833794391452      449172946495      0                 1344             
1676376046        0                 109               0                 22342467          23224891          0                 6                 833794582354      449173073143      0                 1344             
1676376057        0                 109               0                 22342807          23225230          0                 6                 833794773256      449173200111      0                 1344             
1676376067        0                 109               0                 22343249          23225672          0                 6                 833794994519      449173347527      0                 1344             
1676376077        0                 109               0                 22343603          23226025          0                 6                 833795208701      449173477407      0                 1344             
1676376088        0                 109               0                 22344044          23226465          0                 6                 833795423347      449173624407      0                 1344             
1676376098        0                 109               0                 22344384          23226804          0                 6                 833795614249      449173751375      0                 1344             
1676376108        0                 109               0                 22344720          23227140          0                 6                 833795809804      449173878439      0                 1344             
1676376119        0                 109               0                 22345180          23227599          0                 6                 833796052042      449174028671      0                 1344             
1676376129        0                 109               0                 22345515          23227933          0                 6                 833796242944      449174155319      0                 1344             
1676376139        0                 109               0                 22345961          23228378          0                 6                 833796457590      449174302639      0                 1344             
1676376150        0                 109               0                 22346297          23228714          0                 6                 833796655277      449174429703      0                 1344             
1676376160        0                 109               0                 22346753          23229174          0                 6                 833796902051      449174580127      0                 1344             
1676376170        0                 109               0                 22347088          23229508          0                 6                 833797092953      449174706775      0                 1344             
1676376181        0                 109               0                 22347430          23229849          0                 6                 833797288143      449174834159      0                 1344             
1676376191        0                 109               0                 22347879          23230299          0                 6                 833797519583      449174983239      0                 1344             
1676376201        0                 109               0                 22348221          23230642          0                 6                 833797720909      449175111039      0                 1344             
1676376211        0                 109               0                 22348664          23231084          0                 6                 833797936004      449175258423      0                 1344             
1676376222        0                 109               0                 22349007          23231427          0                 6                 833798133847      449175386295      0                 1344             
1676376232        0                 109               0                 22349350          23231769          0                 6                 833798336056      449175514535      0                 1344             
1676376242        0                 109               0                 22349800          23232218          0                 6                 833798554023      449175662687      0                 1344             
1676376253        0                 109               0                 22350135          23232552          0                 6                 833798744926      449175789335      0                 1344             
1676376263        0                 109               0                 22350582          23232998          0                 6                 833798963805      449175936879      0                 1344             
1676376273        0                 109               0                 22350926          23233342          0                 6                 833799169758      449176065607      0                 1344             
1676376284        0                 109               0                 22351270          23233685          0                 6                 833799365069      449176193407      0                 1344             
1676376294        0                 109               0                 22351711          23234125          0                 6                 833799579716      449176340407      0                 1344             
1676376304        0                 109               0                 22352070          23234484          0                 6                 833799791095      449176471247      0                 1344             
1676376315        0                 109               0                 22352504          23234918          0                 6                 833800016680      449176617255      0                 1344             
1676376325        0                 109               0                 22352887          23235300          0                 6                 833800226887      449176822759      0                 1344             
1676376336        0                 109               0                 22353751          23236163          0                 6                 833800580201      449183981351      0                 1344             
1676376346        0                 109               0                 22354108          23236519          0                 6                 833800801460      449184111743      0                 1344             
1676376356        0                 109               0                 22354492          23236902          0                 6                 833801021035      449184342511      0                 1344             
1676376367        0                 109               0                 22354942          23237351          0                 6                 833801251330      449184490663      0                 1344             
1676376377        0                 109               0                 22355280          23237689          0                 6                 833801449113      449184618111      0                 1344             
1676376387        0                 109               0                 22355732          23238141          0                 6                 833801678813      449184766935      0                 1344             
1676376398        0                 109               0                 22356067          23238475          0                 6                 833801869718      449184893583      0                 1344             
1676376408        0                 109               0                 22356411          23238818          0                 6                 833802068296      449185021383      0                 1344             
1676376418        0                 109               0                 22356853          23239259          0                 6                 833802286981      449185168607      0                 1344             
1676376429        0                 109               0                 22357198          23239603          0                 6                 833802492739      449185297335      0                 1344             
1676376439        0                 109               0                 22357644          23240048          0                 6                 833802707389      449185444655      0                 1344             
1676376449        0                 109               0                 22357982          23240386          0                 6                 833802907055      449185572135      0                 1344             
1676376459        0                 109               0                 22358429          23240833          0                 6                 833803128096      449185719871      0                 1344             
1676376470        0                 109               0                 22358773          23241177          0                 6                 833803337078      449185848599      0                 1344             
1676376480        0                 109               0                 22359114          23241517          0                 6                 833803528312      449185975759      0                 1344             
1676376490        0                 109               0                 22359590          23241992          0                 6                 833803762141      449186191551      0                 1344             
1676376501        0                 109               0                 22359940          23242340          0                 6                 833803969445      449186320183      0                 1344             
1676376512        0                 109               0                 22360382          23242782          0                 6                 833804184319      449186467791      0                 1344             
1676376522        0                 109               0                 22360722          23243121          0                 6                 833804375225      449186594759      0                 1344             
1676376532        0                 109               0                 22361061          23243459          0                 6                 833804572971      449186722239      0                 1344             
1676376543        0                 109               0                 22361694          23244093          0                 6                 833804867690      449187272719      0                 1344             
1676376553        0                 109               0                 22362029          23244427          0                 6                 833805058596      449187399367      0                 1344             
1676376563        0                 109               0                 22362475          23244872          0                 6                 833805273246      449187546687      0                 1344             
1676376573        0                 109               0                 22362813          23245210          0                 6                 833805472080      449187674167      0                 1344             
1676376584        0                 109               0                 22363162          23245561          0                 6                 833805686331      449187803631      0                 1344             
1676376594        0                 109               0                 22363602          23246000          0                 6                 833805900757      449187950439      0                 1344             
1676376604        0                 109               0                 22363942          23246339          0                 6                 833806091663      449188077407      0                 1344             
1676376615        0                 109               0                 22364386          23246782          0                 6                 833806311009      449188225047      0                 1344             
1676376625        0                 109               0                 22364736          23247133          0                 6                 833806522424      449188354511      0                 1344             
1676376635        0                 109               0                 22365178          23247574          0                 6                 833806737298      449188501703      0                 1344             
1676376646        0                 109               0                 22365522          23247917          0                 6                 833806933940      449188629503      0                 1344             
1676376656        0                 109               0                 22365869          23248263          0                 6                 833807141180      449188758647      0                 1344             
1676376666        0                 109               0                 22366312          23248705          0                 6                 833807355158      449188905391      0                 1344             
1676376677        0                 109               0                 22366647          23249039          0                 6                 833807546064      449189032039      0                 1344             
1676376687        0                 109               0                 22367096          23249488          0                 6                 833807767538      449189180191      0                 1344             
1676376697        0                 109               0                 22367442          23249834          0                 6                 833807980134      449189309335      0                 1344             
1676376708        0                 109               0                 22367782          23250173          0                 6                 833808171040      449189436303      0                 1344             
1676376718        0                 109               0                 22379888          23262277          0                 6                 833813374882      449236922852      0                 1344             
1676376728        0                 109               0                 22382159          23264548          0                 6                 833814173106      449285063426      0                 1344             
1676376739        0                 109               0                 22382586          23264975          0                 6                 833814387074      449285203274      0                 1344             
1676376749        0                 109               0                 22382895          23265282          0                 6                 833814543452      449285319389      0                 1344             
1676376759        0                 109               0                 22383300          23265685          0                 6                 833814721902      449285451317      0                 1344             
1676376770        0                 109               0                 22383609          23265992          0                 6                 833814881736      449285564237      0                 1344             
1676376780        0                 109               0                 22383918          23266302          0                 6                 833815064983      449285678501      0                 1344             
1676376790        0                 109               0                 22384329          23266711          0                 6                 833815243657      449285810941      0                 1344             
