TIMESTAMP        home1-RQ         home1-RD         home1-WR         work2-RQ         work2-RD         work2-WR         scratch1-RQ      scratch1-RD      scratch1-WR      scratch2-RQ      scratch2-RD      scratch2-WR      scratch3-RQ      scratch3-RD      scratch3-WR      
1676375397        5012009          245171535976      14977572500      2993925           83774195309      7686953294        2026655          256109986467      166636249093     189849            0                0                 379644           83886080          0                
1676375407        5015028          245172590958      14977587478      2993925           83774195309      7686953294        2026656          256109986467      166636249093     189849            0                0                 379644           83886080          0                
1676375418        5015527          245172783991      14977725388      2993925           83774195309      7686953294        2026657          256109986467      166636249093     189849            0                0                 379644           83886080          0                
1676375428        5017866          245181240339      14977743484      2993925           83774195309      7686953294        2026658          256109986467      166636249093     189849            0                0                 379644           83886080          0                
1676375438        5021409          245199104806      14977761582      2993925           83774195309      7686953294        2026659          256109986467      166636249093     189849            0                0                 379644           83886080          0                
1676375449        5026012          245208372100      14977779681      2993929           83774195309      7686953294        2026661          256109986467      166636249093     189851            0                0                 379648           83886080          0                
1676375459        5029004          245217067518      14977813188      2993929           83774195309      7686953294        2026663          256109986467      166636249093     189851            0                0                 379648           83886080          0                
1676375469        5029353          245217243198      14977831303      2993933           83774195309      7686953294        2026665          256109986467      166636249093     189853            0                0                 379652           83886080          0                
1676375480        5029678          245217276206      14977849419      2993933           83774195309      7686953294        2026666          256109986467      166636249093     189853            0                0                 379652           83886080          0                
1676375490        5030003          245217309216      14977867536      2993933           83774195309      7686953294        2026667          256109986467      166636249093     189853            0                0                 379652           83886080          0                
1676375500        5030329          245217342230      14977885655      2993937           83774195309      7686953294        2026669          256109986467      166636249093     189855            0                0                 379656           83886080          0                
1676375510        5030654          245217375244      14977903774      2993937           83774195309      7686953294        2026670          256109986467      166636249093     189855            0                0                 379656           83886080          0                
1676375521        5030981          245217408260      14977921894      2993941           83774195309      7686953294        2026672          256109986467      166636249093     189857            0                0                 379660           83886080          0                
1676375531        5031306          245217441276      14977940014      2993941           83774195309      7686953294        2026673          256109986467      166636249093     189857            0                0                 379660           83886080          0                
1676375541        5031631          245217474292      14977958134      2993941           83774195309      7686953294        2026674          256109986467      166636249093     189857            0                0                 379660           83886080          0                
1676375552        5031957          245217507308      14977976254      2993945           83774195309      7686953294        2026676          256109986467      166636249093     189859            0                0                 379664           83886080          0                
1676375562        5032282          245217540324      14977994374      2993945           83774195309      7686953294        2026677          256109986467      166636249093     189859            0                0                 379664           83886080          0                
1676375572        5032612          245217816127      14978012496      2993949           83774195309      7686953294        2026678          256109986467      166636249093     189861            0                0                 379668           83886080          0                
1676375583        5032940          245218024051      14978030616      2993949           83774195309      7686953294        2026678          256109986467      166636249093     189861            0                0                 379668           83886080          0                
1676375593        5033265          245218057067      14978048736      2993949           83774195309      7686953294        2026678          256109986467      166636249093     189861            0                0                 379668           83886080          0                
1676375603        5033591          245218090083      14978066856      2993953           83774195309      7686953294        2026680          256109986467      166636249093     189863            0                0                 379672           83886080          0                
1676375614        5033916          245218123099      14978084976      2993953           83774195309      7686953294        2026680          256109986467      166636249093     189863            0                0                 379672           83886080          0                
1676375624        5034242          245218156115      14978103096      2993957           83774195309      7686953294        2026682          256109986467      166636249093     189865            0                0                 379676           83886080          0                
1676375634        5034567          245218189131      14978121217      2993957           83774195309      7686953294        2026682          256109986467      166636249093     189865            0                0                 379676           83886080          0                
1676375645        5034893          245218222147      14978139337      2993961           83774195309      7686953294        2026684          256109986467      166636249093     189867            0                0                 379680           83886080          0                
1676375655        5035218          245218255163      14978157457      2993961           83774195309      7686953294        2026684          256109986467      166636249093     189867            0                0                 379680           83886080          0                
1676375665        5035543          245218288179      14978175577      2993961           83774195309      7686953294        2026684          256109986467      166636249093     189867            0                0                 379680           83886080          0                
1676375676        5035869          245218321195      14978193697      2993965           83774195309      7686953294        2026686          256109986467      166636249093     189869            0                0                 379684           83886080          0                
1676375686        5036194          245218354211      14978211817      2993965           83774195309      7686953294        2026686          256109986467      166636249093     189869            0                0                 379684           83886080          0                
1676375696        5036521          245218387227      14978229937      2993969           83774195309      7686953294        2026688          256109986467      166636249093     189871            0                0                 379688           83886080          0                
1676375706        5036846          245218420243      14978248057      2993969           83774195309      7686953294        2026688          256109986467      166636249093     189871            0                0                 379688           83886080          0                
1676375717        5037171          245218453259      14978266177      2993969           83774195309      7686953294        2026688          256109986467      166636249093     189871            0                0                 379688           83886080          0                
1676375727        5037497          245218486275      14978284297      2993973           83774195309      7686953294        2026690          256109986467      166636249093     189873            0                0                 379692           83886080          0                
1676375737        5037822          245218519291      14978302417      2993973           83774195309      7686953294        2026690          256109986467      166636249093     189873            0                0                 379692           83886080          0                
1676375748        5038148          245218552307      14978320537      2993977           83774195309      7686953294        2026692          256109986467      166636249093     189875            0                0                 379696           83886080          0                
1676375758        5038473          245218585323      14978338657      2993977           83774195309      7686953294        2026692          256109986467      166636249093     189875            0                0                 379696           83886080          0                
1676375768        5038798          245218618339      14978356777      2993977           83774195309      7686953294        2026692          256109986467      166636249093     189875            0                0                 379696           83886080          0                
1676375779        5039124          245218651355      14978374897      2993981           83774195309      7686953294        2026694          256109986467      166636249093     189877            0                0                 379700           83886080          0                
1676375789        5039449          245218684371      14978393017      2993981           83774195309      7686953294        2026694          256109986467      166636249093     189877            0                0                 379700           83886080          0                
1676375799        5039775          245218717387      14978411137      2993985           83774195309      7686953294        2026696          256109986467      166636249093     189879            0                0                 379704           83886080          0                
1676375810        5040100          245218750403      14978429257      2993985           83774195309      7686953294        2026696          256109986467      166636249093     189879            0                0                 379704           83886080          0                
1676375820        5040426          245218783419      14978447377      2993989           83774195309      7686953294        2026698          256109986467      166636249093     189881            0                0                 379708           83886080          0                
1676375830        5040751          245218816435      14978465497      2993989           83774195309      7686953294        2026698          256109986467      166636249093     189881            0                0                 379708           83886080          0                
1676375841        5041076          245218849451      14978483617      2993989           83774195309      7686953294        2026698          256109986467      166636249093     189881            0                0                 379708           83886080          0                
1676375851        5041402          245218882467      14978501737      2993993           83774195309      7686953294        2026700          256109986467      166636249093     189883            0                0                 379712           83886080          0                
1676375861        5041727          245218915483      14978519857      2993993           83774195309      7686953294        2026700          256109986467      166636249093     189883            0                0                 379712           83886080          0                
1676375871        5042054          245218948499      14978537977      2993997           83774195309      7686953294        2026702          256109986467      166636249093     189885            0                0                 379716           83886080          0                
1676375882        5042379          245218981515      14978556097      2993997           83774195309      7686953294        2026702          256109986467      166636249093     189885            0                0                 379716           83886080          0                
1676375892        5042704          245219014531      14978574217      2993997           83774195309      7686953294        2026702          256109986467      166636249093     189885            0                0                 379716           83886080          0                
1676375902        5043030          245219047549      14978592338      2994001           83774195309      7686953294        2026704          256109986467      166636249093     189887            0                0                 379720           83886080          0                
1676375913        5043355          245219080567      14978610459      2994001           83774195309      7686953294        2026704          256109986467      166636249093     189887            0                0                 379720           83886080          0                
1676375923        5043681          245219113585      14978628580      2994005           83774195309      7686953294        2026706          256109986467      166636249093     189889            0                0                 379724           83886080          0                
1676375933        5044006          245219146603      14978646701      2994005           83774195309      7686953294        2026706          256109986467      166636249093     189889            0                0                 379724           83886080          0                
1676375944        5044331          245219179621      14978664822      2994005           83774195309      7686953294        2026706          256109986467      166636249093     189889            0                0                 379724           83886080          0                
1676375954        5044657          245219212639      14978682944      2994009           83774195309      7686953294        2026708          256109986467      166636249093     189891            0                0                 379728           83886080          0                
1676375964        5044981          245219245653      14978701064      2994009           83774195309      7686953294        2026708          256109986467      166636249093     189891            0                0                 379728           83886080          0                
1676375975        5045308          245219278671      14978719185      2994013           83774195309      7686953294        2026710          256109986467      166636249093     189893            0                0                 379732           83886080          0                
1676375985        5045655          245219311817      14978737305      2994013           83774195309      7686953294        2026710          256109986467      166636249093     189893            0                0                 379732           83886080          0                
1676375995        5045982          245219344835      14978755425      2994017           83774195309      7686953294        2026712          256109986467      166636249093     189895            0                0                 379736           83886080          0                
1676376006        5046307          245219377853      14978773545      2994017           83774195309      7686953294        2026712          256109986467      166636249093     189895            0                0                 379736           83886080          0                
1676376016        5046632          245219410871      14978791665      2994017           83774195309      7686953294        2026712          256109986467      166636249093     189895            0                0                 379736           83886080          0                
1676376026        5046958          245219443891      14978809786      2994021           83774195309      7686953294        2026714          256109986467      166636249093     189897            0                0                 379740           83886080          0                
1676376037        5047283          245219476911      14978827907      2994021           83774195309      7686953294        2026714          256109986467      166636249093     189897            0                0                 379740           83886080          0                
1676376047        5047609          245219509931      14978846028      2994025           83774195309      7686953294        2026716          256109986467      166636249093     189899            0                0                 379744           83886080          0                
1676376057        5047934          245219542951      14978864149      2994025           83774195309      7686953294        2026716          256109986467      166636249093     189899            0                0                 379744           83886080          0                
1676376068        5048259          245219575971      14978882270      2994025           83774195309      7686953294        2026716          256109986467      166636249093     189899            0                0                 379744           83886080          0                
1676376078        5048585          245219608991      14978900391      2994029           83774195309      7686953294        2026718          256109986467      166636249093     189901            0                0                 379748           83886080          0                
1676376088        5048910          245219642011      14978918512      2994029           83774195309      7686953294        2026718          256109986467      166636249093     189901            0                0                 379748           83886080          0                
1676376098        5049233          245219675033      14978936634      2994033           83774195309      7686953294        2026720          256109986467      166636249093     189903            0                0                 379752           83886080          0                
1676376109        5049561          245219708055      14978954756      2994033           83774195309      7686953294        2026720          256109986467      166636249093     189903            0                0                 379752           83886080          0                
1676376119        5049887          245219741077      14978972878      2994037           83774195309      7686953294        2026722          256109986467      166636249093     189905            0                0                 379756           83886080          0                
1676376129        5050212          245219774099      14978991000      2994037           83774195309      7686953294        2026722          256109986467      166636249093     189905            0                0                 379756           83886080          0                
1676376140        5050537          245219807121      14979009122      2994037           83774195309      7686953294        2026722          256109986467      166636249093     189905            0                0                 379756           83886080          0                
1676376150        5050863          245219840143      14979027244      2994041           83774195309      7686953294        2026724          256109986467      166636249093     189907            0                0                 379760           83886080          0                
1676376160        5051188          245219873165      14979045366      2994041           83774195309      7686953294        2026724          256109986467      166636249093     189907            0                0                 379760           83886080          0                
1676376171        5051515          245219906187      14979063488      2994045           83774195309      7686953294        2026726          256109986467      166636249093     189909            0                0                 379764           83886080          0                
1676376181        5051840          245219939209      14979081610      2994045           83774195309      7686953294        2026726          256109986467      166636249093     189909            0                0                 379764           83886080          0                
1676376191        5052165          245219972231      14979099732      2994045           83774195309      7686953294        2026726          256109986467      166636249093     189909            0                0                 379764           83886080          0                
1676376202        5052491          245220005253      14979117854      2994049           83774195309      7686953294        2026728          256109986467      166636249093     189911            0                0                 379768           83886080          0                
1676376212        5052816          245220038275      14979135976      2994049           83774195309      7686953294        2026728          256109986467      166636249093     189911            0                0                 379768           83886080          0                
1676376222        5053142          245220071297      14979154098      2994053           83774195309      7686953294        2026730          256109986467      166636249093     189913            0                0                 379772           83886080          0                
1676376233        5053467          245220104319      14979172220      2994053           83774195309      7686953294        2026730          256109986467      166636249093     189913            0                0                 379772           83886080          0                
1676376243        5053792          245220137341      14979190342      2994053           83774195309      7686953294        2026730          256109986467      166636249093     189913            0                0                 379772           83886080          0                
1676376253        5054118          245220170363      14979208464      2994057           83774195309      7686953294        2026732          256109986467      166636249093     189915            0                0                 379776           83886080          0                
1676376264        5054443          245220203385      14979226586      2994057           83774195309      7686953294        2026732          256109986467      166636249093     189915            0                0                 379776           83886080          0                
1676376274        5054769          245220236407      14979244708      2994061           83774195309      7686953294        2026734          256109986467      166636249093     189917            0                0                 379780           83886080          0                
1676376284        5055094          245220269429      14979262830      2994061           83774195309      7686953294        2026734          256109986467      166636249093     189917            0                0                 379780           83886080          0                
1676376294        5055420          245220302451      14979280952      2994065           83774195309      7686953294        2026736          256109986467      166636249093     189919            0                0                 379784           83886080          0                
1676376305        5055745          245220335473      14979299074      2994065           83774195309      7686953294        2026736          256109986467      166636249093     189919            0                0                 379784           83886080          0                
1676376315        5056070          245220368495      14979317196      2994065           83774195309      7686953294        2026736          256109986467      166636249093     189919            0                0                 379784           83886080          0                
1676376325        5056395          245220401517      14979335318      2994069           83774195309      7686953294        2026738          256109986467      166636249093     189921            0                0                 379788           83886080          0                
1676376336        5056720          245220434541      14979353441      2994069           83774195309      7686953294        2026738          256109986467      166636249093     189921            0                0                 379788           83886080          0                
1676376346        5057047          245220467565      14979371564      2994073           83774195309      7686953294        2026740          256109986467      166636249093     189923            0                0                 379792           83886080          0                
1676376356        5057373          245220500589      14979389687      2994073           83774195309      7686953294        2026740          256109986467      166636249093     189923            0                0                 379792           83886080          0                
1676376367        5057698          245220533615      14979407811      2994073           83774195309      7686953294        2026740          256109986467      166636249093     189923            0                0                 379792           83886080          0                
1676376377        5058024          245220566641      14979425935      2994077           83774195309      7686953294        2026742          256109986467      166636249093     189925            0                0                 379796           83886080          0                
1676376387        5058349          245220599667      14979444059      2994077           83774195309      7686953294        2026742          256109986467      166636249093     189925            0                0                 379796           83886080          0                
1676376398        5058675          245220632693      14979462183      2994081           83774195309      7686953294        2026744          256109986467      166636249093     189927            0                0                 379800           83886080          0                
1676376408        5059000          245220665721      14979480308      2994081           83774195309      7686953294        2026744          256109986467      166636249093     189927            0                0                 379800           83886080          0                
1676376418        5059325          245220698749      14979498433      2994081           83774195309      7686953294        2026744          256109986467      166636249093     189927            0                0                 379800           83886080          0                
1676376429        5059651          245220731777      14979516558      2994085           83774195309      7686953294        2026746          256109986467      166636249093     189929            0                0                 379804           83886080          0                
1676376439        5059976          245220764805      14979534683      2994085           83774195309      7686953294        2026746          256109986467      166636249093     189929            0                0                 379804           83886080          0                
1676376449        5060302          245220797833      14979552808      2994089           83774195309      7686953294        2026748          256109986467      166636249093     189931            0                0                 379808           83886080          0                
1676376460        5060627          245220830861      14979570933      2994089           83774195309      7686953294        2026748          256109986467      166636249093     189931            0                0                 379808           83886080          0                
1676376470        5060954          245220863889      14979589058      2994093           83774195309      7686953294        2026750          256109986467      166636249093     189933            0                0                 379812           83886080          0                
1676376480        5061279          245220896917      14979607183      2994093           83774195309      7686953294        2026750          256109986467      166636249093     189933            0                0                 379812           83886080          0                
1676376491        5061604          245220929945      14979625308      2994093           83774195309      7686953294        2026750          256109986467      166636249093     189933            0                0                 379812           83886080          0                
1676376501        5061927          245220962973      14979643433      2994097           83774195309      7686953294        2026752          256109986467      166636249093     189935            0                0                 379816           83886080          0                
1676376511        5062253          245220996001      14979661558      2994097           83774195309      7686953294        2026752          256109986467      166636249093     189935            0                0                 379816           83886080          0                
1676376522        5062582          245221029029      14979679683      2994101           83774195309      7686953294        2026754          256109986467      166636249093     189937            0                0                 379820           83886080          0                
1676376532        5062907          245221062057      14979697808      2994101           83774195309      7686953294        2026754          256109986467      166636249093     189937            0                0                 379820           83886080          0                
1676376542        5063232          245221095085      14979715933      2994101           83774195309      7686953294        2026754          256109986467      166636249093     189937            0                0                 379820           83886080          0                
1676376552        5063558          245221128113      14979734058      2994105           83774195309      7686953294        2026756          256109986467      166636249093     189939            0                0                 379824           83886080          0                
1676376563        5063882          245221161141      14979752183      2994105           83774195309      7686953294        2026756          256109986467      166636249093     189939            0                0                 379824           83886080          0                
1676376573        5064209          245221194169      14979770308      2994109           83774195309      7686953294        2026758          256109986467      166636249093     189941            0                0                 379828           83886080          0                
1676376583        5064534          245221227197      14979788433      2994109           83774195309      7686953294        2026758          256109986467      166636249093     189941            0                0                 379828           83886080          0                
1676376594        5064860          245221260225      14979806558      2994113           83774195309      7686953294        2026760          256109986467      166636249093     189943            0                0                 379832           83886080          0                
1676376604        5065185          245221293253      14979824683      2994113           83774195309      7686953294        2026760          256109986467      166636249093     189943            0                0                 379832           83886080          0                
1676376614        5065509          245221326281      14979842808      2994113           83774195309      7686953294        2026760          256109986467      166636249093     189943            0                0                 379832           83886080          0                
1676376625        5065836          245221359309      14979860933      2994117           83774195309      7686953294        2026762          256109986467      166636249093     189945            0                0                 379836           83886080          0                
1676376635        5066161          245221392337      14979879058      2994117           83774195309      7686953294        2026762          256109986467      166636249093     189945            0                0                 379836           83886080          0                
1676376645        5066488          245221425365      14979897183      2994121           83774195309      7686953294        2026764          256109986467      166636249093     189947            0                0                 379840           83886080          0                
1676376656        5066813          245221458393      14979915308      2994121           83774195309      7686953294        2026764          256109986467      166636249093     189947            0                0                 379840           83886080          0                
1676376666        5067138          245221491421      14979933433      2994121           83774195309      7686953294        2026764          256109986467      166636249093     189947            0                0                 379840           83886080          0                
1676376676        5067464          245221524449      14979951558      2994125           83774195309      7686953294        2026766          256109986467      166636249093     189949            0                0                 379844           83886080          0                
1676376687        5067789          245221557477      14979969683      2994125           83774195309      7686953294        2026766          256109986467      166636249093     189949            0                0                 379844           83886080          0                
1676376697        5068114          245221590505      14979987808      2994129           83774195309      7686953294        2026768          256109986467      166636249093     189951            0                0                 379848           83886080          0                
1676376707        5068440          245221623533      14980005933      2994129           83774195309      7686953294        2026768          256109986467      166636249093     189951            0                0                 379848           83886080          0                
1676376718        5075396          245221822485      14980024060      2994129           83774195309      7686953294        2026768          256109986467      166636249093     189951            0                0                 379848           83886080          0                
1676376728        5075858          245221850558      14980039635      2994133           83774195309      7686953294        2026770          256109986467      166636249093     189953            0                0                 379852           83886080          0                
1676376738        5076163          245221863297      14980047599      2994133           83774195309      7686953294        2026770          256109986467      166636249093     189953            0                0                 379852           83886080          0                
1676376749        5076454          245221866706      14980050486      2994137           83774195309      7686953294        2026772          256109986467      166636249093     189955            0                0                 379856           83886080          0                
1676376759        5076742          245221869254      14980053373      2994137           83774195309      7686953294        2026772          256109986467      166636249093     189955            0                0                 379856           83886080          0                
1676376769        5077033          245221871802      14980056260      2994141           83774195309      7686953294        2026774          256109986467      166636249093     189957            0                0                 379860           83886080          0                
1676376779        5077322          245221874350      14980059147      2994141           83774195309      7686953294        2026774          256109986467      166636249093     189957            0                0                 379860           83886080          0                
1676376790        5077611          245221876898      14980062034      2994141           83774195309      7686953294        2026774          256109986467      166636249093     189957            0                0                 379860           83886080          0                
