#TIME             VMEM_MAX          VMEM              RMEM_MAX          RMEM              SHMEM             MEM_FREE          TMEM_MAX         
1676375398        0.750957          0.750957          0.018681          0.018681          0.000000          20.601500         0.018681         
1676375408        0.828434          0.828434          0.031353          0.031353          0.000000          20.580900         0.031353         
1676375418        1.124390          1.124390          0.053108          0.053108          0.000000          20.576100         0.053108         
1676375429        2.189160          2.189160          0.200958          0.200958          0.000000          20.388800         0.200958         
1676375439        2.287800          2.287800          0.261894          0.261894          0.000000          20.113500         0.261894         
1676375449        2.395500          2.395500          0.294296          0.294296          0.000000          20.034900         0.294296         
1676375460        52.107200         52.107200         2.128280          2.128280          0.000000          18.105200         2.128280         
1676375470        98.271600         98.271600         3.504440          3.504440          0.000000          16.734700         3.504440         
1676375480        98.276300         98.276300         3.513050          3.513050          0.000000          16.725400         3.513050         
1676375491        98.280800         98.280800         3.520850          3.520850          0.000000          16.717000         3.520850         
1676375501        98.286900         98.286900         3.538990          3.538990          0.000000          16.697000         3.538990         
1676375511        98.290900         98.290900         3.548500          3.548500          0.000000          16.689100         3.548500         
1676375521        98.292300         98.292300         3.559590          3.559590          0.000000          16.678100         3.559590         
1676375532        98.294600         98.294600         3.569090          3.569090          0.000000          16.667800         3.569090         
1676375542        98.296200         98.296200         3.574070          3.574070          0.000000          16.661900         3.574070         
1676375552        98.336100         98.336100         3.642830          3.642830          0.000000          16.594000         3.642830         
1676375563        98.341000         98.341000         3.679580          3.679580          0.000000          16.555700         3.679580         
1676375573        98.378800         98.378800         3.705590          3.705590          0.000000          16.532500         3.705590         
1676375583        98.390900         98.390900         3.720750          3.720750          0.000000          16.511300         3.720750         
1676375594        98.390900         98.390900         3.720750          3.720750          0.000000          16.510700         3.720750         
1676375604        98.390900         98.390900         3.720780          3.720780          0.000000          16.509000         3.720780         
1676375614        98.390900         98.390900         3.728440          3.728440          0.000000          16.503400         3.728440         
1676375624        98.390900         98.390900         3.741520          3.741520          0.000000          16.493400         3.741520         
1676375635        98.396500         98.396500         3.771430          3.771430          0.000000          16.460600         3.771430         
1676375645        98.436200         98.436200         3.835000          3.835000          0.000000          16.397800         3.835000         
1676375655        98.436200         98.436200         3.835010          3.835010          0.000000          16.395000         3.835010         
1676375666        98.436200         98.436200         3.835010          3.835010          0.000000          16.395200         3.835010         
1676375676        98.436200         98.436200         3.835010          3.835010          0.000000          16.394000         3.835010         
1676375686        98.436200         98.436200         3.835020          3.835020          0.000000          16.394200         3.835020         
1676375697        98.436200         98.436200         3.835020          3.835020          0.000000          16.393800         3.835020         
1676375707        98.436200         98.436200         3.835020          3.835020          0.000000          16.393500         3.835020         
1676375718        98.436200         98.436200         3.835020          3.835020          0.000000          16.393400         3.835020         
1676375728        98.436200         98.436200         3.835020          3.835020          0.000000          16.394500         3.835020         
1676375738        98.436200         98.436200         3.835020          3.835020          0.000000          16.394900         3.835020         
1676375749        98.436200         98.436200         3.835020          3.835020          0.000000          16.394500         3.835020         
1676375759        98.436200         98.436200         3.835020          3.835020          0.000000          16.394200         3.835020         
1676375769        98.436200         98.436200         3.835020          3.835020          0.000000          16.394900         3.835020         
1676375780        98.436200         98.436200         3.835020          3.835020          0.000000          16.396400         3.835020         
1676375790        98.436200         98.436200         3.835020          3.835020          0.000000          16.395400         3.835020         
1676375800        98.436200         98.436200         3.835020          3.835020          0.000000          16.395600         3.835020         
1676375811        98.436200         98.436200         3.835020          3.835020          0.000000          16.394900         3.835020         
1676375821        98.436200         98.436200         3.835020          3.835020          0.000000          16.393700         3.835020         
1676375831        98.436200         98.436200         3.835020          3.835020          0.000000          16.395900         3.835020         
1676375842        98.436200         98.436200         3.835030          3.835030          0.000000          16.396400         3.835030         
1676375852        98.436200         98.436200         3.835030          3.835030          0.000000          16.393400         3.835030         
1676375862        98.436200         98.436200         3.835030          3.835030          0.000000          16.395900         3.835030         
1676375873        98.436200         98.436200         3.835030          3.835030          0.000000          16.396500         3.835030         
1676375883        98.436200         98.436200         3.835030          3.835030          0.000000          16.396000         3.835030         
1676375893        98.436200         98.436200         3.835030          3.835030          0.000000          16.396400         3.835030         
1676375903        98.436200         98.436200         3.835030          3.835030          0.000000          16.396600         3.835030         
1676375914        98.436200         98.436200         3.835030          3.835030          0.000000          16.394400         3.835030         
1676375924        98.436200         98.436200         3.835030          3.835030          0.000000          16.394600         3.835030         
1676375934        98.436200         98.436200         3.835030          3.835030          0.000000          16.395900         3.835030         
1676375945        98.436200         98.436200         3.835030          3.835030          0.000000          16.396100         3.835030         
1676375955        98.530200         98.530200         3.937910          3.937910          0.000000          16.294500         3.937910         
1676375966        98.674400         98.674400         4.091370          4.091370          0.000000          16.134200         4.091370         
1676375976        105.216000        105.216000        10.162800         10.162800         0.000000          10.053300         10.162800        
1676375986        109.241000        109.241000        12.030400         12.030400         0.000000          8.310550          12.030400        
1676375996        109.241000        109.241000        12.030400         12.030400         0.000000          8.308220          12.030400        
1676376007        109.241000        109.241000        12.030400         12.030400         0.000000          8.308800          12.030400        
1676376017        109.241000        109.241000        12.030400         12.030400         0.000000          8.308120          12.030400        
1676376027        109.241000        109.241000        12.030400         12.030400         0.000000          8.308680          12.030400        
1676376038        109.241000        109.241000        12.030400         12.030400         0.000000          8.305230          12.030400        
1676376048        109.241000        109.241000        12.030400         12.030400         0.000000          8.307440          12.030400        
1676376058        109.241000        109.241000        12.030400         12.030400         0.000000          8.308390          12.030400        
1676376069        109.241000        109.241000        12.030400         12.030400         0.000000          8.308020          12.030400        
1676376079        109.241000        109.241000        12.030400         12.030400         0.000000          8.309210          12.030400        
1676376089        109.241000        109.241000        12.030400         12.030400         0.000000          8.307430          12.030400        
1676376100        109.241000        109.241000        12.030400         12.030400         0.000000          8.309560          12.030400        
1676376110        109.241000        109.241000        12.030400         12.030400         0.000000          8.308220          12.030400        
1676376120        109.241000        109.241000        12.030400         12.030400         0.000000          8.307560          12.030400        
1676376131        109.241000        109.241000        12.030400         12.030400         0.000000          8.308320          12.030400        
1676376141        109.241000        109.241000        12.030400         12.030400         0.000000          8.308300          12.030400        
1676376151        109.241000        109.241000        12.030400         12.030400         0.000000          8.309360          12.030400        
1676376161        109.241000        109.241000        12.030400         12.030400         0.000000          8.309270          12.030400        
1676376172        109.241000        109.241000        12.030400         12.030400         0.000000          8.309540          12.030400        
1676376182        109.241000        109.241000        12.030400         12.030400         0.000000          8.308440          12.030400        
1676376192        109.241000        109.241000        12.030400         12.030400         0.000000          8.307470          12.030400        
1676376203        109.241000        109.241000        12.030400         12.030400         0.000000          8.308820          12.030400        
1676376213        109.241000        109.241000        12.030400         12.030400         0.000000          8.310630          12.030400        
1676376223        109.241000        109.241000        12.030400         12.030400         0.000000          8.309450          12.030400        
1676376234        109.241000        109.241000        12.030400         12.030400         0.000000          8.309280          12.030400        
1676376244        109.241000        109.241000        12.030400         12.030400         0.000000          8.310350          12.030400        
1676376254        109.241000        109.241000        12.030400         12.030400         0.000000          8.309380          12.030400        
1676376265        109.241000        109.241000        12.030400         12.030400         0.000000          8.310030          12.030400        
1676376275        109.241000        109.241000        12.030400         12.030400         0.000000          8.308780          12.030400        
1676376285        109.241000        109.241000        12.030400         12.030400         0.000000          8.309420          12.030400        
1676376296        109.241000        109.241000        12.030400         12.030400         0.000000          8.307610          12.030400        
1676376306        109.241000        109.241000        12.030400         12.030400         0.000000          8.309640          12.030400        
1676376316        109.241000        109.241000        12.030400         12.030400         0.000000          8.309100          12.030400        
1676376327        109.241000        109.241000        12.030400         11.918700         0.000000          8.890710          12.030400        
1676376337        109.241000        109.241000        12.030400         11.912400         0.000000          9.123090          12.030400        
1676376347        109.241000        109.241000        12.030400         11.908900         0.000000          9.214000          12.030400        
1676376358        109.241000        109.241000        12.030400         11.903500         0.000000          9.258700          12.030400        
1676376368        109.241000        109.241000        12.030400         11.901700         0.000000          9.277080          12.030400        
1676376378        109.241000        109.241000        12.030400         11.901700         0.000000          9.276410          12.030400        
1676376388        109.241000        109.241000        12.030400         11.901700         0.000000          9.279480          12.030400        
1676376399        109.241000        109.241000        12.030400         11.901700         0.000000          9.281010          12.030400        
1676376409        109.241000        109.241000        12.030400         11.901700         0.000000          9.278410          12.030400        
1676376419        109.241000        109.241000        12.030400         11.901700         0.000000          9.277320          12.030400        
1676376430        109.241000        109.241000        12.030400         11.901700         0.000000          9.278590          12.030400        
1676376440        109.241000        109.241000        12.030400         11.901700         0.000000          9.278230          12.030400        
1676376450        109.241000        109.241000        12.030400         11.901700         0.000000          9.277650          12.030400        
1676376461        109.241000        109.241000        12.030400         11.901700         0.000000          9.278320          12.030400        
1676376471        109.241000        109.241000        12.030400         11.901800         0.000000          9.277070          12.030400        
1676376481        109.241000        109.241000        12.030400         11.889000         0.000000          9.332420          12.030400        
1676376492        109.241000        109.241000        12.030400         11.889000         0.000000          9.334600          12.030400        
1676376502        109.241000        109.241000        12.030400         11.889000         0.000000          9.333090          12.030400        
1676376512        109.241000        109.241000        12.030400         11.889000         0.000000          9.333110          12.030400        
1676376523        109.241000        109.241000        12.030400         11.889000         0.000000          9.334870          12.030400        
1676376533        109.241000        109.241000        12.030400         11.889000         0.000000          9.334450          12.030400        
1676376543        109.241000        109.241000        12.030400         11.889300         0.000000          9.334300          12.030400        
1676376554        109.241000        109.241000        12.030400         11.889300         0.000000          9.334470          12.030400        
1676376564        109.241000        109.241000        12.030400         11.889300         0.000000          9.335030          12.030400        
1676376574        109.241000        109.241000        12.030400         11.889300         0.000000          9.335300          12.030400        
1676376584        109.241000        109.241000        12.030400         11.889300         0.000000          9.335220          12.030400        
1676376595        109.241000        109.241000        12.030400         11.889300         0.000000          9.333680          12.030400        
1676376605        109.241000        109.241000        12.030400         11.889300         0.000000          9.335230          12.030400        
1676376615        109.241000        109.241000        12.030400         11.889300         0.000000          9.333870          12.030400        
1676376626        109.241000        109.241000        12.030400         11.889300         0.000000          9.334340          12.030400        
1676376636        109.241000        109.241000        12.030400         11.889300         0.000000          9.333760          12.030400        
1676376646        109.241000        109.241000        12.030400         11.889300         0.000000          9.332980          12.030400        
1676376657        109.241000        109.241000        12.030400         11.889300         0.000000          9.332250          12.030400        
1676376667        109.241000        109.241000        12.030400         11.889300         0.000000          9.333800          12.030400        
1676376677        109.241000        109.241000        12.030400         11.889300         0.000000          9.335580          12.030400        
1676376688        109.241000        109.241000        12.030400         11.889300         0.000000          9.334080          12.030400        
1676376698        109.241000        109.241000        12.030400         11.889300         0.000000          9.334250          12.030400        
1676376708        109.241000        109.241000        12.030400         11.889300         0.000000          9.333280          12.030400        
1676376719        109.241000        108.636000        12.030400         11.087900         0.000000          10.101200         12.030400        
1676376729        109.241000        0.828556          12.030400         0.031448          0.000000          21.067800         12.030400        
1676376739        109.241000        0.521271          12.030400         0.014137          0.000000          21.083500         12.030400        
1676376750        109.241000        0.109669          12.030400         0.003120          0.000000          21.090400         12.030400        
1676376760        109.241000        0.109669          12.030400         0.003120          0.000000          21.091400         12.030400        
1676376770        109.241000        0.109669          12.030400         0.003120          0.000000          21.090900         12.030400        
1676376780        109.241000        0.109669          12.030400         0.003120          0.000000          21.092100         12.030400        
1676376791        109.241000        0.109669          12.030400         0.003120          0.000000          21.091800         12.030400        
