      time tx_packets rx_packets        tx_bytes        rx_bytes  tx_errors tx_dropped rx_frame_errors rx_crc_errors
1676375398         51         43           34870            6185          0          0          0          0
1676375408        707        787          261766          318947          0          0          0          0
1676375419          0          2               0             120          0          0          0          0
1676375429          4          8             848             504          0          0          0          0
1676375439          4          9            2925             558          0          0          0          0
1676375449          1         15              42             900          0          0          0          0
1676375460         66        133           28522            9687          0          0          0          0
1676375470         47         51           12280            3330          0          0          0          0
1676375480         20         20            5370            1320          0          0          0          0
1676375491         20         20            5350            1320          0          0          0          0
1676375501         27         29            6586            1896          0          0          0          0
1676375511         17         17            4354            1122          0          0          0          0
1676375522         21         24            4638            1566          0          0          0          0
1676375532         24         25            5610            1638          0          0          0          0
1676375542         16         17            3510            1116          0          0          0          0
1676375552         25         26            5636            1704          0          0          0          0
1676375563         18         18            4440            1188          0          0          0          0
1676375573         10         12            2236             780          0          0          0          0
1676375584          0          1               0              60          0          0          0          0
1676375594          0          1               0              60          0          0          0          0
1676375604          0          2               0             120          0          0          0          0
1676375614          0          2               0             120          0          0          0          0
1676375625          0          0               0               0          0          0          0          0
1676375635          0          2               0             120          0          0          0          0
1676375645          3          3             936             192          0          0          0          0
1676375656          6         16             574            1168          0          0          0          0
1676375666          1          2              42             120          0          0          0          0
1676375676          0          0               0               0          0          0          0          0
1676375687          0          2               0             120          0          0          0          0
1676375697          0          0               0               0          0          0          0          0
1676375707          0          3               0             180          0          0          0          0
1676375718          0          0               0               0          0          0          0          0
1676375728          0          3               0             180          0          0          0          0
1676375738          0          2               0             120          0          0          0          0
1676375749          0          0               0               0          0          0          0          0
1676375759          0         46               0            2760          0          0          0          0
1676375769         20         14           16661            1449          0          0          0          0
1676375779          0          1               0              60          0          0          0          0
1676375790          0          1               0              60          0          0          0          0
1676375800          0          0               0               0          0          0          0          0
1676375810          0          1               0              60          0          0          0          0
1676375821          0          8               0             480          0          0          0          0
1676375831          0          2               0             120          0          0          0          0
1676375841          0          1               0              60          0          0          0          0
1676375852          0          0               0               0          0          0          0          0
1676375862          8         97             706            6058          0          0          0          0
1676375872          0         23               0            1380          0          0          0          0
1676375883          0        129               0            7740          0          0          0          0
1676375893          0          0               0               0          0          0          0          0
1676375903          0          1               0              60          0          0          0          0
1676375914          0          2               0             120          0          0          0          0
1676375924          0          1               0              60          0          0          0          0
1676375934          0          5               0             300          0          0          0          0
1676375944          0        122               0            7320          0          0          0          0
1676375955         13         16            2879            1032          0          0          0          0
1676375965         19         50            3397            3280          0          0          0          0
1676375975          2          4             257             252          0          0          0          0
1676375986          7          9             813             576          0          0          0          0
1676375996          0          2               0             120          0          0          0          0
1676376006          2        344             211           20646          0          0          0          0
1676376017          0          0               0               0          0          0          0          0
1676376027          1          6              90             390          0          0          0          0
1676376037          0          6               0             360          0          0          0          0
1676376048          0          3               0             180          0          0          0          0
1676376058          0          8               0             480          0          0          0          0
1676376068         26        465           17569           28533          0          0          0          0
1676376078          0          1               0              60          0          0          0          0
1676376089          0          1               0              60          0          0          0          0
1676376099          0          3               0             180          0          0          0          0
1676376109          0          6               0             360          0          0          0          0
1676376120          0          5               0             300          0          0          0          0
1676376130          0        345               0           20700          0          0          0          0
1676376140          0          1               0              60          0          0          0          0
1676376151          0          0               0               0          0          0          0          0
1676376161          6         13             574             988          0          0          0          0
1676376171          1          2              42             120          0          0          0          0
1676376182          0          1               0              60          0          0          0          0
1676376192          1          4              42             240          0          0          0          0
1676376202          0          1               0              60          0          0          0          0
1676376213          0          0               0               0          0          0          0          0
1676376223          0          4               0             240          0          0          0          0
1676376233          0          2               0             120          0          0          0          0
1676376243          0          2               0             120          0          0          0          0
1676376254          0          5               0             300          0          0          0          0
1676376264          0         41               0            2460          0          0          0          0
1676376274          0          2               0             120          0          0          0          0
1676376285          0          2               0             120          0          0          0          0
1676376295          0          2               0             120          0          0          0          0
1676376305          0          1               0              60          0          0          0          0
1676376316          0          6               0             360          0          0          0          0
1676376326          0          1               0              60          0          0          0          0
1676376336          0          2               0             120          0          0          0          0
1676376347          0          2               0             120          0          0          0          0
1676376357          0          4               0             240          0          0          0          0
1676376367         27         24           17281            2257          0          0          0          0
1676376378          0          4               0             240          0          0          0          0
1676376388          0          5               0             300          0          0          0          0
1676376398          0          4               0             240          0          0          0          0
1676376408          0          4               0             240          0          0          0          0
1676376419          0          3               0             180          0          0          0          0
1676376429          0          3               0             180          0          0          0          0
1676376439          0          3               0             180          0          0          0          0
1676376450          0          1               0              60          0          0          0          0
1676376460          0         48               0            2880          0          0          0          0
1676376470          0          5               0             300          0          0          0          0
1676376481          0          5               0             300          0          0          0          0
1676376491          0          1               0              60          0          0          0          0
1676376501          0          0               0               0          0          0          0          0
1676376512          0          7               0             420          0          0          0          0
1676376522          0          6               0             360          0          0          0          0
1676376532          0          4               0             240          0          0          0          0
1676376543          0          2               0             120          0          0          0          0
1676376553          0          2               0             120          0          0          0          0
1676376563          7         12             616             928          0          0          0          0
1676376574          0          3               0             180          0          0          0          0
1676376584          0          5               0             300          0          0          0          0
1676376594          0          3               0             180          0          0          0          0
1676376605          2        178             211           10686          0          0          0          0
1676376615          0          1               0              60          0          0          0          0
1676376625          0          2               0             120          0          0          0          0
1676376635          0          5               0             300          0          0          0          0
1676376646          0          2               0             120          0          0          0          0
1676376656          0          1               0              60          0          0          0          0
1676376666         20         19           16664            1749          0          0          0          0
1676376677          0          1               0              60          0          0          0          0
1676376687          0          4               0             240          0          0          0          0
1676376697          0          3               0             180          0          0          0          0
1676376708          0          3               0             180          0          0          0          0
1676376718         30         19           24578            1242          0          0          0          0
1676376728          2          8             173             492          0          0          0          0
1676376739          6         11             607             696          0          0          0          0
1676376749          7         12             666             864          0          0          0          0
1676376759          1          4              42             240          0          0          0          0
1676376769          7         12             616             928          0          0          0          0
1676376780          0          3               0             180          0          0          0          0
1676376790          0          1               0              60          0          0          0          0
