      time tx_packets rx_packets        tx_bytes        rx_bytes  tx_errors tx_dropped rx_frame_errors rx_crc_errors
1676375398         37         30           30783            2848          0          0          0          0
1676375408        661        721          255091          279249          0          0          0          0
1676375419         52         67            6971           39772          0          0          0          0
1676375429          4          8             848             504          0          0          0          0
1676375439          4         10            2925             624          0          0          0          0
1676375450          1         16              42             960          0          0          0          0
1676375460         69        133           29289            9693          0          0          0          0
1676375470         49         53           12448            3456          0          0          0          0
1676375480         20         20            5370            1320          0          0          0          0
1676375491         26         27            6504            1776          0          0          0          0
1676375501         21         22            5432            1440          0          0          0          0
1676375511         17         17            4354            1122          0          0          0          0
1676375522         16         19            4308            1236          0          0          0          0
1676375532         25         26            5676            1704          0          0          0          0
1676375542         13         14            3292             918          0          0          0          0
1676375553         24         25            5610            1638          0          0          0          0
1676375563         16         16            4268            1056          0          0          0          0
1676375573         11         12            2298             780          0          0          0          0
1676375584          0          1               0              60          0          0          0          0
1676375594          0          1               0              60          0          0          0          0
1676375604          0          2               0             120          0          0          0          0
1676375614          0          2               0             120          0          0          0          0
1676375625          0          0               0               0          0          0          0          0
1676375635          0          2               0             120          0          0          0          0
1676375645          3          3             936             192          0          0          0          0
1676375656          6         16             574            1168          0          0          0          0
1676375666          1          2              42             120          0          0          0          0
1676375676          0          0               0               0          0          0          0          0
1676375687          0          2               0             120          0          0          0          0
1676375697          0          0               0               0          0          0          0          0
1676375708          0          3               0             180          0          0          0          0
1676375718          0          0               0               0          0          0          0          0
1676375728          0          3               0             180          0          0          0          0
1676375739          0          2               0             120          0          0          0          0
1676375749          1          1              90              90          0          0          0          0
1676375759          1         48              42            2880          0          0          0          0
1676375770         20         13           16795            1389          0          0          0          0
1676375780          0          1               0              60          0          0          0          0
1676375790          0          1               0              60          0          0          0          0
1676375801          0          0               0               0          0          0          0          0
1676375811          0          8               0             480          0          0          0          0
1676375821          1          2              90             150          0          0          0          0
1676375832          0          2               0             120          0          0          0          0
1676375842          0          1               0              60          0          0          0          0
1676375852          0          0               0               0          0          0          0          0
1676375862          7         96             616            5968          0          0          0          0
1676375873          0         25               0            1500          0          0          0          0
1676375883          1        128              90            7710          0          0          0          0
1676375893          0          0               0               0          0          0          0          0
1676375904          0          2               0             120          0          0          0          0
1676375914          0          1               0              60          0          0          0          0
1676375924          0          1               0              60          0          0          0          0
1676375935          0         12               0             720          0          0          0          0
1676375945          0        115               0            6900          0          0          0          0
1676375956         13         16            2799            1032          0          0          0          0
1676375966         20         51            3483            3346          0          0          0          0
1676375976          2          4             257             252          0          0          0          0
1676375986          7          9             813             576          0          0          0          0
1676375997          0          2               0             120          0          0          0          0
1676376007          2        344             211           20646          0          0          0          0
1676376017          0          1               0              60          0          0          0          0
1676376028          0          4               0             240          0          0          0          0
1676376038          0          6               0             360          0          0          0          0
1676376048          0          3               0             180          0          0          0          0
1676376059          0         83               0            4980          0          0          0          0
1676376069         26        391           17705           24099          0          0          0          0
1676376079          0          1               0              60          0          0          0          0
1676376090          2          3             132             210          0          0          0          0
1676376100          0          4               0             240          0          0          0          0
1676376110          0          6               0             360          0          0          0          0
1676376121          0          5               0             360          0          0          0          0
1676376131          0        344               0           20580          0          0          0          0
1676376141          0          1               0              60          0          0          0          0
1676376151          0          0               0               0          0          0          0          0
1676376162          6         13             574             988          0          0          0          0
1676376172          1          2              42             120          0          0          0          0
1676376182          0          1               0              60          0          0          0          0
1676376193          0          5               0             300          0          0          0          0
1676376203          0          0               0               0          0          0          0          0
1676376213          0          1               0              60          0          0          0          0
1676376224          0          3               0             180          0          0          0          0
1676376234          0          2               0             120          0          0          0          0
1676376244          0          2               0             120          0          0          0          0
1676376255          0          5               0             300          0          0          0          0
1676376265          0         41               0            2460          0          0          0          0
1676376275          0          2               0             120          0          0          0          0
1676376286          0          2               0             120          0          0          0          0
1676376296          0          2               0             120          0          0          0          0
1676376306          0          1               0              60          0          0          0          0
1676376317          0          6               0             360          0          0          0          0
1676376327          0          1               0              60          0          0          0          0
1676376337          0          2               0             120          0          0          0          0
1676376348          0          4               0             240          0          0          0          0
1676376358          0          2               0             120          0          0          0          0
1676376368         27         24           17413            2257          0          0          0          0
1676376378          0          5               0             300          0          0          0          0
1676376389          0          4               0             240          0          0          0          0
1676376399          0          4               0             240          0          0          0          0
1676376409          0          4               0             240          0          0          0          0
1676376420          0          4               0             300          0          0          0          0
1676376430          0          2               0              60          0          0          0          0
1676376440          0          3               0             180          0          0          0          0
1676376451          0          1               0              60          0          0          0          0
1676376461          0         50               0            3000          0          0          0          0
1676376471          0          3               0             180          0          0          0          0
1676376482          0          5               0             300          0          0          0          0
1676376492          0          1               0              60          0          0          0          0
1676376502          0          0               0               0          0          0          0          0
1676376513          0          7               0             420          0          0          0          0
1676376523          0          6               0             360          0          0          0          0
1676376533          0          4               0             240          0          0          0          0
1676376544          0          2               0             120          0          0          0          0
1676376554          0          3               0             180          0          0          0          0
1676376564          7         11             616             868          0          0          0          0
1676376574          0          4               0             240          0          0          0          0
1676376585          0          4               0             240          0          0          0          0
1676376595          0          3               0             180          0          0          0          0
1676376605          2        178             211           10686          0          0          0          0
1676376616          0          1               0              60          0          0          0          0
1676376626          0          3               0             180          0          0          0          0
1676376636          0          4               0             240          0          0          0          0
1676376647          0          2               0             120          0          0          0          0
1676376657          0          1               0              60          0          0          0          0
1676376667         20         19           16796            1749          0          0          0          0
1676376678          0          1               0              60          0          0          0          0
1676376688          0          4               0             240          0          0          0          0
1676376698          0          3               0             180          0          0          0          0
1676376709          0          4               0             240          0          0          0          0
1676376719         45         25           46326            1638          0          0          0          0
1676376729          2          7             173             432          0          0          0          0
1676376740          7         12             649             756          0          0          0          0
1676376750          7         12             666             864          0          0          0          0
1676376760          1          4              42             240          0          0          0          0
1676376770          8         13             658             988          0          0          0          0
1676376781          0          2               0             120          0          0          0          0
1676376791          0          1               0              60          0          0          0          0
