      time tx_packets rx_packets        tx_bytes        rx_bytes  tx_errors tx_dropped rx_frame_errors rx_crc_errors
1676375397        518        467          257106           96508          0          0          0          0
1676375407        457        546          193802          248622          0          0          0          0
1676375418        188        207           83364           26534          0          0          0          0
1676375428         39         43            7350            6938          0          0          0          0
1676375438         39         38           23630           21091          0          0          0          0
1676375449          7         23             294            1380          0          0          0          0
1676375459        291        361           57408           54866          0          0          0          0
1676375474        636        603          178520          144157          0          0          0          0
1676375491        323        311           71630           65530          0          0          0          0
1676375509        365        354           80194           74180          0          0          0          0
1676375529        343        342           73154           68090          0          0          0          0
1676375550        369        360           80546           74878          0          0          0          0
1676375571        292        286           63236           58326          0          0          0          0
1676375596          0          4               0             240          0          0          0          0
1676375627          0          3               0             180          0          0          0          0
1676375655         35         38            7756            8048          0          0          0          0
1676375680          0         11               0             660          0          0          0          0
1676375713          0          4               0             240          0          0          0          0
1676375743          0          5               0             300          0          0          0          0
1676375772         21         60           18459            4209          0          0          0          0
1676375800          0          2               0             120          0          0          0          0
1676375832          2         13             888             786          0          0          0          0
1676375856          6         39             574            2548          0          0          0          0
1676375889          1        210              42           12600          0          0          0          0
1676375920          0          4               0             240          0          0          0          0
1676375952        104        232           21588           28413          0          0          0          0
1676375983        224        260           33978           34559          0          0          0          0
1676376012          2        346             211           20766          0          0          0          0
1676376044          0         13               0             840          0          0          0          0
1676376077         27        476           19480           29139          0          0          0          0
1676376104          0          7               0             420          0          0          0          0
1676376130          0        353               0           21180          0          0          0          0
1676376155          0          2               0             120          0          0          0          0
1676376187          7         16             616            1168          0          0          0          0
1676376212          2          6             588             432          0          0          0          0
1676376238          4          9             216             510          0          0          0          0
1676376263          0         48               0            2880          0          0          0          0
1676376295          2          7             132             450          0          0          0          0
1676376325          2         10             132             630          0          0          0          0
1676376351          1          7             478             426          0          0          0          0
1676376378         34         36           20735            3091          0          0          0          0
1676376414          0         15               0             840          0          0          0          0
1676376445          0          7               0             420          0          0          0          0
1676376476          0         55               0            3300          0          0          0          0
1676376509          0          9               0             540          0          0          0          0
1676376543          0         15               0             900          0          0          0          0
1676376572          7         17             616            1228          0          0          0          0
1676376595          0          8               0             480          0          0          0          0
1676376619          2        180             210           10806          0          0          0          0
1676376651          0          8               0             480          0          0          0          0
1676376677         21         21           18540            1869          0          0          0          0
1676376702          0          8               0             480          0          0          0          0
1676376733        252        259          137330          130092          0          0          0          0
1676376761        134        138           12268           12044          0          0          0          0
1676376785          2          8             248             486          0          0          0          0
