      time tx_packets rx_packets        tx_bytes        rx_bytes  tx_errors tx_dropped rx_frame_errors rx_crc_errors
1676375398         51         43           34869            6185          0          0          0          0
1676375408        711        786          262067          318888          0          0          0          0
1676375418          0          2               0             120          0          0          0          0
1676375429          4          8             848             504          0          0          0          0
1676375439          4         10            2925             624          0          0          0          0
1676375449          1         15              42             900          0          0          0          0
1676375460         47        122           12011            8418          0          0          0          0
1676375470         67         63           29066            4665          0          0          0          0
1676375480         21         21            5456            1386          0          0          0          0
1676375490         25         25            5700            1650          0          0          0          0
1676375501         27         29            6626            1896          0          0          0          0
1676375511         16         16            4268            1056          0          0          0          0
1676375521         18         21            4420            1368          0          0          0          0
1676375532         19         20            4502            1308          0          0          0          0
1676375542         18         19            4440            1248          0          0          0          0
1676375553         21         22            5452            1440          0          0          0          0
1676375563         17         17            4354            1122          0          0          0          0
1676375573          8         10            2164             648          0          0          0          0
1676375583          0          1               0              60          0          0          0          0
1676375594          0          1               0              60          0          0          0          0
1676375604          0          2               0             120          0          0          0          0
1676375614          2          3             132             210          0          0          0          0
1676375625          0          0               0               0          0          0          0          0
1676375635          0          2               0             120          0          0          0          0
1676375645          3          3             956             192          0          0          0          0
1676375656        488        497           48602           47305          0          0          0          0
1676375666         81         82            3402            4920          0          0          0          0
1676375676          0          0               0               0          0          0          0          0
1676375687          1          2              42             120          0          0          0          0
1676375697          1          1              90              90          0          0          0          0
1676375708          0          3               0             180          0          0          0          0
1676375718          0          0               0               0          0          0          0          0
1676375728          0          3               0             180          0          0          0          0
1676375739          0          2               0             120          0          0          0          0
1676375749          0          0               0               0          0          0          0          0
1676375759          0         47               0            2820          0          0          0          0
1676375770         22         15           16778            1539          0          0          0          0
1676375780          0          1               0              60          0          0          0          0
1676375790          0          1               0              60          0          0          0          0
1676375801          0          0               0               0          0          0          0          0
1676375811          0          8               0             480          0          0          0          0
1676375821          0          1               0              60          0          0          0          0
1676375832          1          3              90             210          0          0          0          0
1676375842          0          1               0              60          0          0          0          0
1676375852          0          0               0               0          0          0          0          0
1676375863          7         96             616            5968          0          0          0          0
1676375873          0         25               0            1500          0          0          0          0
1676375883          0        127               0            7620          0          0          0          0
1676375893          0          0               0               0          0          0          0          0
1676375904          0          2               0             120          0          0          0          0
1676375914          0          1               0              60          0          0          0          0
1676375924          0          1               0              60          0          0          0          0
1676375935          0         12               0             720          0          0          0          0
1676375945          0        115               0            6900          0          0          0          0
1676375955         12         15            2733             966          0          0          0          0
1676375966         20         51            3483            3346          0          0          0          0
1676375976          4          6             514             384          0          0          0          0
1676375986          5          7             556             444          0          0          0          0
1676375997          0          2               0             120          0          0          0          0
1676376007          2        344             211           20646          0          0          0          0
1676376017          0          1               0              60          0          0          0          0
1676376027          0          4               0             240          0          0          0          0
1676376038          0          6               0             360          0          0          0          0
1676376048          0          3               0             180          0          0          0          0
1676376058          0         10               0             600          0          0          0          0
1676376069         26        464           17552           28479          0          0          0          0
1676376079          0          1               0              60          0          0          0          0
1676376089          0          1               0              60          0          0          0          0
1676376100          0          4               0             240          0          0          0          0
1676376110          0          6               0             360          0          0          0          0
1676376120          0          5               0             300          0          0          0          0
1676376131          0        344               0           20640          0          0          0          0
1676376141          0          1               0              60          0          0          0          0
1676376151          0          0               0               0          0          0          0          0
1676376162          6         13             574             988          0          0          0          0
1676376172          1          2              42             120          0          0          0          0
1676376182          0          1               0              60          0          0          0          0
1676376193          0          5               0             300          0          0          0          0
1676376203          0          0               0               0          0          0          0          0
1676376213          0          1               0              60          0          0          0          0
1676376224          0          3               0             180          0          0          0          0
1676376234          0          2               0             120          0          0          0          0
1676376244          0          2               0             120          0          0          0          0
1676376255          0          5               0             300          0          0          0          0
1676376265          0         41               0            2460          0          0          0          0
1676376275          0          2               0             120          0          0          0          0
1676376285          0          2               0             120          0          0          0          0
1676376296          0          2               0             120          0          0          0          0
1676376306          0          1               0              60          0          0          0          0
1676376316          0          6               0             360          0          0          0          0
1676376327          0          1               0              60          0          0          0          0
1676376337          0          2               0             120          0          0          0          0
1676376347          0          4               0             240          0          0          0          0
1676376358          0          2               0             120          0          0          0          0
1676376368         27         24           17262            2257          0          0          0          0
1676376378          0          4               0             240          0          0          0          0
1676376389          0          5               0             300          0          0          0          0
1676376399          0          4               0             240          0          0          0          0
1676376409          0          4               0             240          0          0          0          0
1676376420          0          4               0             240          0          0          0          0
1676376430          0          2               0             120          0          0          0          0
1676376440          0          3               0             180          0          0          0          0
1676376451          0          1               0              60          0          0          0          0
1676376461          0         50               0            3000          0          0          0          0
1676376471          0          3               0             180          0          0          0          0
1676376481          0          5               0             300          0          0          0          0
1676376492          0          1               0              60          0          0          0          0
1676376502          0          0               0               0          0          0          0          0
1676376512          0          7               0             420          0          0          0          0
1676376523          0          6               0             360          0          0          0          0
1676376533          0          4               0             240          0          0          0          0
1676376543          0          2               0             120          0          0          0          0
1676376554          0          3               0             180          0          0          0          0
1676376564          7         11             616             868          0          0          0          0
1676376574          0          4               0             240          0          0          0          0
1676376585          0          4               0             240          0          0          0          0
1676376595          0          3               0             180          0          0          0          0
1676376605          2        178             210           10686          0          0          0          0
1676376616          0          1               0              60          0          0          0          0
1676376626          0          3               0             180          0          0          0          0
1676376636          0          4               0             240          0          0          0          0
1676376647          0          2               0             120          0          0          0          0
1676376657          2          3             132             210          0          0          0          0
1676376667         20         19           16644            1749          0          0          0          0
1676376678          0          1               0              60          0          0          0          0
1676376688          0          4               0             240          0          0          0          0
1676376698          0          3               0             180          0          0          0          0
1676376708          0          4               0             240          0          0          0          0
1676376719         22         17           13700            1116          0          0          0          0
1676376729          2          8             173             492          0          0          0          0
1676376739          7         12             646             756          0          0          0          0
1676376750          7         12             666             864          0          0          0          0
1676376760          1          4              42             240          0          0          0          0
1676376770          7         13             616             988          0          0          0          0
1676376781          0          2               0             120          0          0          0          0
1676376791          0          1               0              60          0          0          0          0
