      time tx_packets rx_packets        tx_bytes        rx_bytes  tx_errors tx_dropped rx_frame_errors rx_crc_errors
1676375398         44         35           34311            5413          0          0          0          0
1676375408        720        804          262733          320314          0          0          0          0
1676375418          0          2               0             120          0          0          0          0
1676375428          4          8             848             504          0          0          0          0
1676375439          4          9            2905             558          0          0          0          0
1676375449          1         15              42             900          0          0          0          0
1676375459         40        114            7514            8022          0          0          0          0
1676375470         69         63           32311            4533          0          0          0          0
1676375480         27         27            6590            1782          0          0          0          0
1676375490         21         21            5356            1386          0          0          0          0
1676375501         21         23            5392            1500          0          0          0          0
1676375511         22         22            5462            1452          0          0          0          0
1676375521         18         21            4460            1368          0          0          0          0
1676375531         19         20            4502            1308          0          0          0          0
1676375542         18         19            4400            1248          0          0          0          0
1676375552         17         18            4394            1182          0          0          0          0
1676375562         22         22            5418            1446          0          0          0          0
1676375573          8         10            2164             648          0          0          0          0
1676375583          0          1               0              60          0          0          0          0
1676375593          0          1               0              60          0          0          0          0
1676375604          0          2               0             120          0          0          0          0
1676375614          0          2               0             120          0          0          0          0
1676375624          0          0               0               0          0          0          0          0
1676375635          0          2               0             120          0          0          0          0
1676375645          3          3             956             192          0          0          0          0
1676375655          6         16             574            1168          0          0          0          0
1676375666          0          1               0              60          0          0          0          0
1676375676          1          1              90              90          0          0          0          0
1676375686          1          3              42             180          0          0          0          0
1676375696          0          0               0               0          0          0          0          0
1676375707          0          3               0             180          0          0          0          0
1676375717          0          0               0               0          0          0          0          0
1676375727          0          3               0             180          0          0          0          0
1676375738          0          2               0             120          0          0          0          0
1676375748          0          0               0               0          0          0          0          0
1676375758          0         46               0            2760          0          0          0          0
1676375769         20         14           16587            1449          0          0          0          0
1676375779          0          1               0              60          0          0          0          0
1676375789          0          1               0              60          0          0          0          0
1676375800          0          0               0               0          0          0          0          0
1676375810          0          1               0              60          0          0          0          0
1676375820          0          8               0             480          0          0          0          0
1676375831          0          2               0             120          0          0          0          0
1676375841          0          1               0              60          0          0          0          0
1676375851          0          0               0               0          0          0          0          0
1676375862          7         95             616            5908          0          0          0          0
1676375872          0         23               0            1380          0          0          0          0
1676375882          0        130               0            7800          0          0          0          0
1676375893          0          0               0               0          0          0          0          0
1676375903          0          1               0              60          0          0          0          0
1676375913          0          2               0             120          0          0          0          0
1676375924          0          1               0              60          0          0          0          0
1676375934          0          5               0             300          0          0          0          0
1676375944          0        122               0            7320          0          0          0          0
1676375954         12         15            2733             966          0          0          0          0
1676375965         18         48            3331            3154          0          0          0          0
1676375975          0          3               0             180          0          0          0          0
1676375985          9         11            1070             708          0          0          0          0
1676375996          0          2               0             120          0          0          0          0
1676376006          2        344             211           20646          0          0          0          0
1676376016          0          0               0               0          0          0          0          0
1676376027          0          4               0             240          0          0          0          0
1676376037          0          7               0             420          0          0          0          0
1676376047          0          3               0             180          0          0          0          0
1676376058          0          8               0             480          0          0          0          0
1676376068         26        466           17495           28599          0          0          0          0
1676376078          0          1               0              60          0          0          0          0
1676376088          0          1               0              60          0          0          0          0
1676376099          0          3               0             180          0          0          0          0
1676376109          0          6               0             360          0          0          0          0
1676376119          0          5               0             300          0          0          0          0
1676376130          0        345               0           20700          0          0          0          0
1676376140          0          1               0              60          0          0          0          0
1676376150          0          0               0               0          0          0          0          0
1676376161          6         12             574             928          0          0          0          0
1676376171          1          3              42             180          0          0          0          0
1676376181          0          1               0              60          0          0          0          0
1676376192          2          5             132             330          0          0          0          0
1676376202          0          1               0              60          0          0          0          0
1676376212          0          0               0               0          0          0          0          0
1676376223          0          4               0             240          0          0          0          0
1676376233          0          2               0             120          0          0          0          0
1676376243          0          2               0             120          0          0          0          0
1676376253          0          5               0             300          0          0          0          0
1676376264          0         41               0            2460          0          0          0          0
1676376274          0          2               0             120          0          0          0          0
1676376284          0          2               0             120          0          0          0          0
1676376295          0          2               0             120          0          0          0          0
1676376305          0          1               0              60          0          0          0          0
1676376315          0          4               0             240          0          0          0          0
1676376326          0          3               0             180          0          0          0          0
1676376336          0          2               0             120          0          0          0          0
1676376346          0          2               0             120          0          0          0          0
1676376357          0          4               0             240          0          0          0          0
1676376367         27         24           17203            2257          0          0          0          0
1676376377          1          4              42             240          0          0          0          0
1676376388          0          4               0             240          0          0          0          0
1676376398          0          5               0             300          0          0          0          0
1676376408          0          3               0             180          0          0          0          0
1676376419          0          4               0             240          0          0          0          0
1676376429          0          3               0             180          0          0          0          0
1676376439          0          3               0             180          0          0          0          0
1676376450          2          3             132             210          0          0          0          0
1676376460          0         48               0            2880          0          0          0          0
1676376470          0          5               0             300          0          0          0          0
1676376480          0          5               0             300          0          0          0          0
1676376491          0          1               0              60          0          0          0          0
1676376502          0          0               0               0          0          0          0          0
1676376512          1          8              90             510          0          0          0          0
1676376522          0          6               0             360          0          0          0          0
1676376532          0          4               0             240          0          0          0          0
1676376543          0          2               0             120          0          0          0          0
1676376553          0          2               0             120          0          0          0          0
1676376563          7         12             616             928          0          0          0          0
1676376574          1          4              90             270          0          0          0          0
1676376584          0          5               0             300          0          0          0          0
1676376594          0          3               0             180          0          0          0          0
1676376605          1        178             168           10686          0          0          0          0
1676376615          1          2              42             120          0          0          0          0
1676376625          0          2               0             120          0          0          0          0
1676376636          0          5               0             300          0          0          0          0
1676376646          0          2               0             120          0          0          0          0
1676376656          0          1               0              60          0          0          0          0
1676376667         20         19           16586            1749          0          0          0          0
1676376677          0          1               0              60          0          0          0          0
1676376687          0          4               0             240          0          0          0          0
1676376698          0          3               0             180          0          0          0          0
1676376708          0          3               0             180          0          0          0          0
1676376718         17         17            8196            1110          0          0          0          0
1676376729          2          8             173             492          0          0          0          0
1676376739          8         13             736             846          0          0          0          0
1676376749          7         12             666             864          0          0          0          0
1676376759          1          4              42             240          0          0          0          0
1676376770          7         12             616             928          0          0          0          0
1676376780          0          3               0             180          0          0          0          0
1676376790          0          1               0              60          0          0          0          0
