      time tx_packets rx_packets        tx_bytes        rx_bytes  tx_errors tx_dropped rx_frame_errors rx_crc_errors
1676375397         31         30            6641            4953          0          0          0          0
1676375407        718        795          289181          319532          0          0          0          0
1676375418         21         18            2350            1414          0          0          0          0
1676375428          4          8             848             504          0          0          0          0
1676375438          4          7            2925             438          0          0          0          0
1676375449          1         17              42            1020          0          0          0          0
1676375459         39        116            7448            8022          0          0          0          0
1676375469         70         65           32443            4803          0          0          0          0
1676375480         21         21            5372            1380          0          0          0          0
1676375490         26         26            6484            1716          0          0          0          0
1676375500         24         26            5610            1698          0          0          0          0
1676375510         21         21            4658            1386          0          0          0          0
1676375521         27         30            5872            1962          0          0          0          0
1676375531         19         20            4502            1308          0          0          0          0
1676375541         19         20            4506            1314          0          0          0          0
1676375552         16         17            4308            1116          0          0          0          0
1676375562         23         23            5544            1512          0          0          0          0
1676375572          8         10            2144             648          0          0          0          0
1676375582          0          1               0              60          0          0          0          0
1676375593          0          1               0              60          0          0          0          0
1676375603          0          2               0             120          0          0          0          0
1676375613          0          2               0             120          0          0          0          0
1676375624          0          0               0               0          0          0          0          0
1676375634          0          2               0             120          0          0          0          0
1676375644          3          3             956             192          0          0          0          0
1676375655          6          7             574             628          0          0          0          0
1676375665          0         10               0             600          0          0          0          0
1676375675          0          0               0               0          0          0          0          0
1676375686          0          2               0             120          0          0          0          0
1676375696          0          0               0               0          0          0          0          0
1676375706          0          3               0             180          0          0          0          0
1676375717          0          0               0               0          0          0          0          0
1676375727          0          3               0             180          0          0          0          0
1676375737          0          2               0             120          0          0          0          0
1676375747          0          0               0               0          0          0          0          0
1676375758          0         46               0            2760          0          0          0          0
1676375768         22         15           16720            1539          0          0          0          0
1676375778          0          1               0              60          0          0          0          0
1676375789          0          1               0              60          0          0          0          0
1676375799          0          0               0               0          0          0          0          0
1676375809          0          1               0              60          0          0          0          0
1676375820          0          8               0             480          0          0          0          0
1676375830          0          2               0             120          0          0          0          0
1676375840          0          1               0              60          0          0          0          0
1676375851          0          0               0               0          0          0          0          0
1676375861          6         94             574            5848          0          0          0          0
1676375871          1         22              42            1320          0          0          0          0
1676375881          0        124               0            7440          0          0          0          0
1676375892          0          8               0             480          0          0          0          0
1676375902          0          1               0              60          0          0          0          0
1676375912          0          2               0             120          0          0          0          0
1676375923          0          1               0              60          0          0          0          0
1676375933          0          5               0             300          0          0          0          0
1676375943          0        122               0            7320          0          0          0          0
1676375954         10         12            2625             780          0          0          0          0
1676375964         19         50            3393            3274          0          0          0          0
1676375974          0          3               0             180          0          0          0          0
1676375985          9         11            1070             708          0          0          0          0
1676375995          0          2               0             120          0          0          0          0
1676376005          2        343             211           20586          0          0          0          0
1676376016          0          1               0              60          0          0          0          0
1676376026          0          3               0             180          0          0          0          0
1676376036          0          6               0             360          0          0          0          0
1676376046          0          5               0             300          0          0          0          0
1676376057          0          8               0             480          0          0          0          0
1676376067         26        466           17498           28599          0          0          0          0
1676376077          0          1               0              60          0          0          0          0
1676376088          1          2              90             150          0          0          0          0
1676376098          1          4              42             240          0          0          0          0
1676376108          0          5               0             300          0          0          0          0
1676376119          0          6               0             360          0          0          0          0
1676376129          0        345               0           20700          0          0          0          0
1676376139          0          1               0              60          0          0          0          0
1676376150          0          0               0               0          0          0          0          0
1676376160          7         12             640             934          0          0          0          0
1676376170          0          3               0             180          0          0          0          0
1676376181          0          1               0              60          0          0          0          0
1676376191          0          3               0             180          0          0          0          0
1676376201          0          2               0             120          0          0          0          0
1676376212          0          0               0               0          0          0          0          0
1676376222          0          3               0             180          0          0          0          0
1676376232          0          3               0             180          0          0          0          0
1676376243          0          1               0              60          0          0          0          0
1676376253          0          6               0             360          0          0          0          0
1676376263          0         41               0            2460          0          0          0          0
1676376274          0          2               0             120          0          0          0          0
1676376284          0          2               0             120          0          0          0          0
1676376294          0          2               0             120          0          0          0          0
1676376304          0          1               0              60          0          0          0          0
1676376315          0          4               0             240          0          0          0          0
1676376325          0          3               0             180          0          0          0          0
1676376336          0          2               0             120          0          0          0          0
1676376346          0          2               0             120          0          0          0          0
1676376356          0          4               0             240          0          0          0          0
1676376367         28         25           17249            2317          0          0          0          0
1676376377          0          4               0             240          0          0          0          0
1676376387          0          4               0             240          0          0          0          0
1676376398          0          5               0             300          0          0          0          0
1676376408          0          3               0             180          0          0          0          0
1676376418          0          4               0             240          0          0          0          0
1676376429          0          3               0             180          0          0          0          0
1676376439          0          3               0             180          0          0          0          0
1676376449          0          1               0              60          0          0          0          0
1676376460          0         47               0            2820          0          0          0          0
1676376470          0          6               0             360          0          0          0          0
1676376480          0          4               0             240          0          0          0          0
1676376491          0          2               0             120          0          0          0          0
1676376501          0          0               0               0          0          0          0          0
1676376512          0          7               0             420          0          0          0          0
1676376522          0          6               0             360          0          0          0          0
1676376532          0          4               0             240          0          0          0          0
1676376543          0          2               0             120          0          0          0          0
1676376553          0          2               0             120          0          0          0          0
1676376563          7         12             616             928          0          0          0          0
1676376574          0          3               0             180          0          0          0          0
1676376584          0          5               0             300          0          0          0          0
1676376594          0          3               0             180          0          0          0          0
1676376605          2        178             211           10686          0          0          0          0
1676376615          0          1               0              60          0          0          0          0
1676376625          0          2               0             120          0          0          0          0
1676376635          0          5               0             300          0          0          0          0
1676376646          0          2               0             120          0          0          0          0
1676376656          0          1               0              60          0          0          0          0
1676376666         20         19           16590            1749          0          0          0          0
1676376677          0          1               0              60          0          0          0          0
1676376687          0          4               0             240          0          0          0          0
1676376697          0          3               0             180          0          0          0          0
1676376708          0          3               0             180          0          0          0          0
1676376718         19         19            8348            1242          0          0          0          0
1676376728          2          8             173             492          0          0          0          0
1676376739          7         12             649             756          0          0          0          0
1676376749          7         12             666             864          0          0          0          0
1676376759          1          4              42             240          0          0          0          0
1676376770          6         11             574             868          0          0          0          0
1676376780          0          3               0             180          0          0          0          0
1676376790          0          1               0              60          0          0          0          0
