      time tx_packets rx_packets        tx_bytes        rx_bytes  tx_errors tx_dropped rx_frame_errors rx_crc_errors
1676375397         22         26            5914            4755          0          0          0          0
1676375408        727        811          289823          320820          0          0          0          0
1676375418         10          7            1552             450          0          0          0          0
1676375428          4          8             848             504          0          0          0          0
1676375438          4          9            2925             564          0          0          0          0
1676375449          1         16              42             960          0          0          0          0
1676375459         39        114            7448            7890          0          0          0          0
1676375469         71         66           32450            4869          0          0          0          0
1676375480         21         21            5272            1380          0          0          0          0
1676375490         26         26            6564            1716          0          0          0          0
1676375500         21         23            5412            1500          0          0          0          0
1676375511         18         18            4460            1188          0          0          0          0
1676375521         20         23            5390            1500          0          0          0          0
1676375531         19         20            4482            1308          0          0          0          0
1676375542         19         20            4466            1314          0          0          0          0
1676375552         18         19            4440            1248          0          0          0          0
1676375562         22         22            5458            1446          0          0          0          0
1676375572          9         11            2210             714          0          0          0          0
1676375583          0          1               0              60          0          0          0          0
1676375593          0          1               0              60          0          0          0          0
1676375603          0          2               0             120          0          0          0          0
1676375614          0          2               0             120          0          0          0          0
1676375624          0          0               0               0          0          0          0          0
1676375634          0          2               0             120          0          0          0          0
1676375645          3          3             956             192          0          0          0          0
1676375655          6          7             574             628          0          0          0          0
1676375665          0         10               0             600          0          0          0          0
1676375676          0          0               0               0          0          0          0          0
1676375686          0          2               0             120          0          0          0          0
1676375696          0          0               0               0          0          0          0          0
1676375707          1          3              42             180          0          0          0          0
1676375717          0          0               0               0          0          0          0          0
1676375727          0          3               0             180          0          0          0          0
1676375738          0          2               0             120          0          0          0          0
1676375748          0          0               0               0          0          0          0          0
1676375758          0         46               0            2760          0          0          0          0
1676375768         20         14           16564            1449          0          0          0          0
1676375779          0          1               0              60          0          0          0          0
1676375789          1          2              90             150          0          0          0          0
1676375799          1          1              42              60          0          0          0          0
1676375810          0          1               0              60          0          0          0          0
1676375820          0          8               0             480          0          0          0          0
1676375830          0          2               0             120          0          0          0          0
1676375841          0          1               0              60          0          0          0          0
1676375851          0          0               0               0          0          0          0          0
1676375861          9         97             748            6058          0          0          0          0
1676375872          0         23               0            1380          0          0          0          0
1676375882          0        130               0            7800          0          0          0          0
1676375892          0          0               0               0          0          0          0          0
1676375903          0          1               0              60          0          0          0          0
1676375913          0          2               0             120          0          0          0          0
1676375923          1          2              90             150          0          0          0          0
1676375933          1          6              42             360          0          0          0          0
1676375944          0        122               0            7320          0          0          0          0
1676375954         12         15            2777             972          0          0          0          0
1676375965         20         50            3459            3280          0          0          0          0
1676375975          0          3               0             180          0          0          0          0
1676375985          9         11            1070             708          0          0          0          0
1676375996          0          2               0             120          0          0          0          0
1676376006          2        344             210           20646          0          0          0          0
1676376016          0          0               0               0          0          0          0          0
1676376026          0          4               0             240          0          0          0          0
1676376037          0          6               0             360          0          0          0          0
1676376047          0          4               0             240          0          0          0          0
1676376057          0          8               0             480          0          0          0          0
1676376068         26        465           17471           28533          0          0          0          0
1676376078          0          1               0              60          0          0          0          0
1676376088          0          1               0              60          0          0          0          0
1676376099          0          3               0             180          0          0          0          0
1676376109          0          5               0             300          0          0          0          0
1676376119          0          6               0             360          0          0          0          0
1676376130          0        345               0           20700          0          0          0          0
1676376140          0          1               0              60          0          0          0          0
1676376150          0          0               0               0          0          0          0          0
1676376160          6         12             574             928          0          0          0          0
1676376171          1          3              42             180          0          0          0          0
1676376181          0          1               0              60          0          0          0          0
1676376191          0          4               0             240          0          0          0          0
1676376202          0          1               0              60          0          0          0          0
1676376212          0          0               0               0          0          0          0          0
1676376222          0          4               0             240          0          0          0          0
1676376233          0          2               0             120          0          0          0          0
1676376243          0          2               0             120          0          0          0          0
1676376253          0          5               0             300          0          0          0          0
1676376264          0         41               0            2460          0          0          0          0
1676376274          0          2               0             120          0          0          0          0
1676376284          2          3             132             210          0          0          0          0
1676376295          0          2               0             120          0          0          0          0
1676376305          0          1               0              60          0          0          0          0
1676376315          0          4               0             240          0          0          0          0
1676376326          0          3               0             180          0          0          0          0
1676376336          0          2               0             120          0          0          0          0
1676376346          0          2               0             120          0          0          0          0
1676376357          0          4               0             240          0          0          0          0
1676376367         27         24           17183            2257          0          0          0          0
1676376377          0          4               0             240          0          0          0          0
1676376388          0          4               0             240          0          0          0          0
1676376398          0          5               0             300          0          0          0          0
1676376408          0          3               0             180          0          0          0          0
1676376418          0          4               0             240          0          0          0          0
1676376429          0          3               0             180          0          0          0          0
1676376439          0          3               0             180          0          0          0          0
1676376449          0          1               0              60          0          0          0          0
1676376460          0         48               0            2880          0          0          0          0
1676376470          0          5               0             300          0          0          0          0
1676376480          0          5               0             300          0          0          0          0
1676376491          0          1               0              60          0          0          0          0
1676376501          0          0               0               0          0          0          0          0
1676376511          0          6               0             360          0          0          0          0
1676376522          0          6               0             360          0          0          0          0
1676376532          0          5               0             300          0          0          0          0
1676376542          0          2               0             120          0          0          0          0
1676376553          0          2               0             120          0          0          0          0
1676376563          7         12             616             928          0          0          0          0
1676376573          0          3               0             180          0          0          0          0
1676376584          0          5               0             300          0          0          0          0
1676376594          0          3               0             180          0          0          0          0
1676376604          1        178             169           10686          0          0          0          0
1676376615          1          2              42             120          0          0          0          0
1676376625          0          2               0             120          0          0          0          0
1676376635          0          5               0             300          0          0          0          0
1676376646          0          2               0             120          0          0          0          0
1676376656          0          1               0              60          0          0          0          0
1676376666         20         19           16566            1749          0          0          0          0
1676376676          0          1               0              60          0          0          0          0
1676376687          0          3               0             180          0          0          0          0
1676376697          0          4               0             240          0          0          0          0
1676376707          0          3               0             180          0          0          0          0
1676376718         19         19            9233            1242          0          0          0          0
1676376728          2          8             173             492          0          0          0          0
1676376738          6         11             607             696          0          0          0          0
1676376749          7         11             666             804          0          0          0          0
1676376759          1          5              42             300          0          0          0          0
1676376769          6         11             574             868          0          0          0          0
1676376780          0          3               0             180          0          0          0          0
1676376790          0          1               0              60          0          0          0          0
