      time tx_packets rx_packets        tx_bytes        rx_bytes  tx_errors tx_dropped rx_frame_errors rx_crc_errors
1676375397         45         32           34376            5221          0          0          0          0
1676375408        718        796          262583          319786          0          0          0          0
1676375418          0          2               0             120          0          0          0          0
1676375428          4          8             848             504          0          0          0          0
1676375439          4          8            2925             498          0          0          0          0
1676375449          1         16              42             960          0          0          0          0
1676375459         39        115            7448            7956          0          0          0          0
1676375470         71         65           32455            4803          0          0          0          0
1676375480         23         23            5504            1512          0          0          0          0
1676375490         24         24            6332            1584          0          0          0          0
1676375500         22         24            5398            1566          0          0          0          0
1676375511         16         16            4248            1056          0          0          0          0
1676375521         22         25            5462            1632          0          0          0          0
1676375531         17         18            4350            1176          0          0          0          0
1676375542         19         20            4486            1314          0          0          0          0
1676375552         16         17            4308            1116          0          0          0          0
1676375562         21         21            5332            1380          0          0          0          0
1676375572         11         13            2342             846          0          0          0          0
1676375583          0          1               0              60          0          0          0          0
1676375593          2          2             132             150          0          0          0          0
1676375603          0          2               0             120          0          0          0          0
1676375614          0          2               0             120          0          0          0          0
1676375624          0          0               0               0          0          0          0          0
1676375634          0          2               0             120          0          0          0          0
1676375645          3          3             956             192          0          0          0          0
1676375655          6          7             574             628          0          0          0          0
1676375665          0         10               0             600          0          0          0          0
1676375676          0          0               0               0          0          0          0          0
1676375686          0          2               0             120          0          0          0          0
1676375696          0          0               0               0          0          0          0          0
1676375707          0          3               0             180          0          0          0          0
1676375717          0          0               0               0          0          0          0          0
1676375727          0          3               0             180          0          0          0          0
1676375738          0          2               0             120          0          0          0          0
1676375748          0          0               0               0          0          0          0          0
1676375758          0         46               0            2760          0          0          0          0
1676375768         20         14           16650            1449          0          0          0          0
1676375779          0          1               0              60          0          0          0          0
1676375789          0          1               0              60          0          0          0          0
1676375799          0          0               0               0          0          0          0          0
1676375810          0          1               0              60          0          0          0          0
1676375820          0          8               0             480          0          0          0          0
1676375830          0          2               0             120          0          0          0          0
1676375841          0          1               0              60          0          0          0          0
1676375851          0          0               0               0          0          0          0          0
1676375861          7         95             616            5908          0          0          0          0
1676375872          0         23               0            1380          0          0          0          0
1676375882          0        130               0            7800          0          0          0          0
1676375892          0          0               0               0          0          0          0          0
1676375903          0          1               0              60          0          0          0          0
1676375913          0          2               0             120          0          0          0          0
1676375923          0          1               0              60          0          0          0          0
1676375933          0          5               0             300          0          0          0          0
1676375944          0        122               0            7320          0          0          0          0
1676375954         10         13            2645             840          0          0          0          0
1676375965         20         50            3439            3280          0          0          0          0
1676375975          2          5             257             312          0          0          0          0
1676375985          7          9             813             576          0          0          0          0
1676375995          0          2               0             120          0          0          0          0
1676376006          2        344             211           20646          0          0          0          0
1676376016          0          0               0               0          0          0          0          0
1676376026          0          3               0             180          0          0          0          0
1676376037          0          6               0             360          0          0          0          0
1676376047          0          5               0             300          0          0          0          0
1676376057          0          8               0             480          0          0          0          0
1676376068         26        466           17562           28599          0          0          0          0
1676376078          0          1               0              60          0          0          0          0
1676376088          0          1               0              60          0          0          0          0
1676376099          0          3               0             180          0          0          0          0
1676376109          0          5               0             300          0          0          0          0
1676376119          0          6               0             360          0          0          0          0
1676376129          0        345               0           20700          0          0          0          0
1676376140          0          1               0              60          0          0          0          0
1676376150          0          0               0               0          0          0          0          0
1676376160          6         12             574             928          0          0          0          0
1676376171          0          2               0             120          0          0          0          0
1676376181          0          1               0              60          0          0          0          0
1676376191          0          4               0             240          0          0          0          0
1676376202          0          1               0              60          0          0          0          0
1676376212          0          0               0               0          0          0          0          0
1676376222          0          4               0             240          0          0          0          0
1676376233          0          2               0             120          0          0          0          0
1676376243          0          2               0             120          0          0          0          0
1676376253          0          5               0             300          0          0          0          0
1676376264          0         41               0            2460          0          0          0          0
1676376274          0          2               0             120          0          0          0          0
1676376284          0          2               0             120          0          0          0          0
1676376295          0          2               0             120          0          0          0          0
1676376305          0          1               0              60          0          0          0          0
1676376315          0          4               0             240          0          0          0          0
1676376326          0          3               0             180          0          0          0          0
1676376336          0          2               0             120          0          0          0          0
1676376346          0          2               0             120          0          0          0          0
1676376357          0          4               0             240          0          0          0          0
1676376367         27         24           17272            2257          0          0          0          0
1676376377          0          4               0             240          0          0          0          0
1676376387          0          4               0             240          0          0          0          0
1676376398          0          5               0             300          0          0          0          0
1676376408          0          3               0             180          0          0          0          0
1676376418          2          6             132             390          0          0          0          0
1676376429          0          3               0             180          0          0          0          0
1676376439          0          3               0             180          0          0          0          0
1676376449          0          1               0              60          0          0          0          0
1676376460          0         48               0            2880          0          0          0          0
1676376470          0          5               0             300          0          0          0          0
1676376480          1          6              90             390          0          0          0          0
1676376491          0          1               0              60          0          0          0          0
1676376501          0          0               0               0          0          0          0          0
1676376512          0          7               0             420          0          0          0          0
1676376522          0          6               0             360          0          0          0          0
1676376532          0          4               0             240          0          0          0          0
1676376543          1          3              90             210          0          0          0          0
1676376553          1          3              42             180          0          0          0          0
1676376563          7         12             616             928          0          0          0          0
1676376574          0          3               0             180          0          0          0          0
1676376584          0          5               0             300          0          0          0          0
1676376594          0          3               0             180          0          0          0          0
1676376605          2        178             209           10686          0          0          0          0
1676376615          0          1               0              60          0          0          0          0
1676376625          0          2               0             120          0          0          0          0
1676376636          0          5               0             300          0          0          0          0
1676376646          0          2               0             120          0          0          0          0
1676376656          2          3             132             210          0          0          0          0
1676376666         20         19           16653            1749          0          0          0          0
1676376677          0          1               0              60          0          0          0          0
1676376687          0          4               0             240          0          0          0          0
1676376697          0          3               0             180          0          0          0          0
1676376708          0          3               0             180          0          0          0          0
1676376718         22         17           13700            1110          0          0          0          0
1676376728          2          8             173             492          0          0          0          0
1676376739          7         12             646             756          0          0          0          0
1676376749          7         12             666             864          0          0          0          0
1676376759          1          4              42             240          0          0          0          0
1676376770          6         11             574             868          0          0          0          0
1676376780          0          3               0             180          0          0          0          0
1676376790          0          1               0              60          0          0          0          0
