#TIME all_pgs_mb huge_pgs_mb Node0_Foreign Node1_Foreign Node0_Local Node1_Local Node0_Other Node1_Other Node0_Free Node1_Free Node0_Used Node1_Used
1676375397 67839255 46673342 11752777 41512718 18417095 18898567 162208 46161 11517.82 11778.20 52616.35 52731.20
1676375407 67839255 46673342 11752777 41512718 18418023 18899541 162208 46161 11520.75 11776.04 52614.53 52729.56
1676375417 67839255 46673342 11752777 41512718 18418274 18899760 162208 46161 11506.62 11778.79 52627.54 52729.80
1676375428 67839290 46673346 11752777 41512718 18418329 18900073 162208 46161 11505.17 11577.69 52629.02 52931.78
1676375438 67839407 46673360 11752777 41512718 18418398 18900453 162208 46161 11504.96 11269.16 52629.66 53239.75
1676375449 67839407 46673360 11752777 41512718 18418463 18900643 162208 46161 11506.07 11151.85 52627.05 53357.11
1676375459 67839649 46673430 11752777 41512718 18418980 18901445 162208 46161 10908.32 10253.84 53224.53 54255.64
1676375471 67842688 46675068 11752777 41512718 18419504 18902601 162208 46161 10888.63 8337.21 53237.84 56164.08
1676375487 67842854 46675092 11752777 41512718 18419764 18902883 162208 46161 10866.28 8372.04 53267.80 56137.83
1676375504 67843220 46675296 11752777 41512718 18419971 18903133 162208 46161 10855.77 8352.32 53277.98 56161.11
1676375524 67843390 46675360 11752777 41512718 18420101 18903297 162208 46161 10833.99 8363.07 53300.68 56145.37
1676375544 67843661 46675488 11752777 41512718 18420262 18903479 162208 46161 10788.46 8397.77 53345.61 56112.17
1676375564 67844225 46675866 11752777 41512718 18420481 18903698 162208 46161 10711.01 8411.43 53424.94 56095.26
1676375587 67844674 46676146 11752777 41512718 18420775 18903890 162208 46161 10496.77 8558.25 53635.76 55949.59
1676375615 67845132 46676404 11752777 41512718 18420970 18904138 162208 46161 10512.83 8525.45 53620.55 55983.22
1676375647 67845696 46676720 11752777 41512718 18421206 18904397 162208 46161 10425.11 8573.58 53706.94 55931.31
1676375672 67845851 46676822 11752777 41512718 18421503 18904716 162208 46161 10420.41 8577.34 53712.74 55931.57
1676375701 67846172 46677048 11752777 41512718 18421725 18904973 162208 46161 10465.77 8530.21 53667.66 55979.09
1676375731 67846496 46677256 11752777 41512718 18421997 18905343 162208 46161 10459.68 8502.90 53675.47 56007.85
1676375762 67846653 46677356 11752777 41512718 18422562 18905998 162208 46161 10474.50 8501.93 53657.47 56008.83
1676375792 67846929 46677456 11752777 41512718 18422700 18906286 162208 46161 10489.50 8479.68 53643.12 56029.18
1676375819 67847190 46677644 11752777 41512718 18422848 18906557 162208 46161 10493.21 8469.93 53640.95 56038.62
1676375850 67847368 46677746 11752777 41512718 18423114 18906948 162208 46161 10446.71 8503.54 53684.98 56004.45
1676375878 67847530 46677850 11752777 41512718 18423440 18907373 162208 46161 10437.04 8525.52 53696.56 55982.92
1676375907 67847719 46677968 11752777 41512718 18423593 18907641 162208 46161 10420.73 8525.10 53712.35 55984.31
1676375944 67847904 46678064 11752777 41512718 18423751 18907939 162208 46161 10415.27 8534.34 53719.05 55973.70
1676375972 67848019 46678092 11752777 41512718 18423890 18908176 162208 46161 10400.69 8545.84 53736.68 55964.76
1676376003 67848220 46678218 11752777 41512718 18424081 18908401 162208 46161 10392.46 8551.64 53748.56 55956.36
1676376030 67848290 46678218 11752777 41512718 18424303 18908663 162208 46161 10358.90 8496.86 53775.30 56012.38
1676376065 67848715 46678316 11752777 41512718 18424532 18909047 162208 46161 10426.83 8419.57 53706.91 56089.71
1676376096 67849012 46678424 11752777 41512718 18424685 18909234 162208 46161 10412.17 8415.17 53722.00 56094.33
1676376123 67849116 46678514 11752777 41512718 18424846 18909468 162208 46161 10388.40 8420.62 53744.73 56087.82
1676376146 67849239 46678534 11752777 41512718 18425125 18909772 162208 46161 10374.86 8420.26 53759.31 56088.23
1676376176 67849452 46678640 11752777 41512718 18425316 18910045 162208 46161 10372.67 8414.12 53761.29 56096.09
1676376205 67849604 46678748 11752777 41512718 18425475 18910285 162208 46161 10387.05 8389.02 53747.19 56119.90
1676376229 67849704 46678750 11752777 41512718 18425668 18910495 162208 46161 10387.31 8384.71 53746.47 56122.18
1676376256 67849892 46678856 11752777 41512718 18425871 18910756 162208 46161 10409.82 8357.57 53723.88 56152.02
1676376282 67849986 46678938 11752777 41512718 18426005 18910955 162208 46161 10430.11 8339.00 53703.63 56169.91
1676376317 67850254 46679042 11752777 41512718 18426147 18911277 162208 46161 10524.52 8246.80 53609.12 56262.47
1676376342 67850491 46679064 11752777 41512718 18426437 18911613 162208 46161 10559.66 8630.71 53579.28 55884.39
1676376369 67850696 46679168 11752777 41512718 18426611 18911844 162208 46161 10572.70 8715.72 53559.41 55791.80
1676376401 67850816 46679246 11752777 41512718 18426764 18912124 162208 46161 10570.03 8724.29 53565.52 55782.02
1676376435 67850956 46679264 11752777 41512718 18427069 18912398 162208 46161 10406.43 8791.64 53734.67 55722.13
1676376464 67851302 46679360 11752777 41512718 18427240 18912765 162208 46161 10400.06 8700.48 53736.38 55811.84
1676376498 67851542 46679444 11752777 41512718 18427354 18913000 162208 46161 10405.21 8740.04 53728.64 55771.46
1676376530 67851705 46679514 11752777 41512718 18427451 18913245 162208 46161 10403.40 8717.86 53729.83 55791.38
1676376561 67851780 46679580 11752777 41512718 18427813 18913680 162208 46161 10399.68 8709.30 53730.73 55796.60
1676376589 67851872 46679580 11752777 41512718 18428102 18914037 162208 46161 10398.74 8721.95 53735.82 55788.02
1676376611 67851993 46679630 11752777 41512718 18428734 18914652 162208 46161 10367.97 8732.95 53764.39 55774.06
1676376640 67852143 46679686 11752777 41512718 18428895 18914845 162208 46161 10357.48 8756.80 53788.04 55739.12
1676376671 67852207 46679742 11752777 41512718 18429101 18915041 162208 46161 10300.21 8804.52 53831.71 55702.06
1676376694 67852408 46679756 11752777 41512718 18429447 18915382 162208 46161 10271.98 8816.55 53860.93 55691.68
1676376721 67853169 46679798 11752777 41512718 18432538 18915647 162208 46161 7250.25 8830.50 56902.77 55678.42
1676376748 67853468 46679926 11752777 41512718 18434846 18915931 162208 46161 5126.88 8846.93 59081.19 55661.78
1676376778 67854445 46680114 11752777 41512718 18436030 18916161 162208 46161 4000.15 8874.77 60135.04 55634.18
