 %time 1676376859
 %usr 1.00 0.00 1.00 1.00 0.00 0.00 0.00 0.00 0.00 0.00 0.00 0.00 0.00 0.00 0.00 0.00 0.00 1.00 13.00 2.00 0.00 2.02 1.00 0.00 0.00 0.00 8.08 1.00 2.97 0.00 0.00 0.00 0.00
 %sys 1.69 1.00 2.00 1.00 2.00 1.00 0.99 1.01 1.00 0.00 0.00 0.00 0.00 1.00 0.00 0.00 1.00 1.00 11.00 4.00 1.01 2.02 2.00 0.00 0.00 0.00 15.15 1.00 2.97 0.00 0.00 0.00 0.00
 %gnice 0.00 0.00 0.00 0.00 0.00 0.00 0.00 0.00 0.00 0.00 0.00 0.00 0.00 0.00 0.00 0.00 0.00 0.00 0.00 0.00 0.00 0.00 0.00 0.00 0.00 0.00 0.00 0.00 0.00 0.00 0.00 0.00 0.00
 %time 1676376869
 %usr 3.66 22.77 22.00 0.00 0.00 0.00 0.00 0.00 0.00 38.00 4.04 0.00 0.00 0.00 0.00 0.00 0.00 0.00 0.00 0.00 0.00 0.00 0.00 0.00 0.00 0.00 30.30 0.00 0.00 0.00 0.00 0.00 0.00
 %sys 1.53 6.93 7.00 0.00 0.99 0.00 0.00 0.00 0.00 11.00 2.02 0.99 0.00 0.00 5.00 1.00 0.00 0.00 0.00 0.00 0.00 0.00 0.00 0.00 0.00 0.00 12.12 0.00 0.00 0.00 1.00 0.00 0.00
 %gnice 0.00 0.00 0.00 0.00 0.00 0.00 0.00 0.00 0.00 0.00 0.00 0.00 0.00 0.00 0.00 0.00 0.00 0.00 0.00 0.00 0.00 0.00 0.00 0.00 0.00 0.00 0.00 0.00 0.00 0.00 0.00 0.00 0.00
 %time 1676376879
 %usr 2.59 0.00 0.00 37.00 27.72 0.00 0.00 0.00 0.00 5.00 4.00 0.00 0.00 0.00 0.00 0.00 0.00 0.00 0.00 0.00 0.00 0.00 0.00 0.00 0.00 9.90 0.00 0.00 0.00 0.00 0.00 0.00 0.00
 %sys 1.00 0.99 0.00 14.00 8.91 0.99 1.01 0.00 0.99 1.00 1.00 0.00 0.00 0.00 0.00 0.00 0.00 0.00 1.00 0.00 0.00 0.00 0.00 0.00 0.00 3.96 0.00 0.00 0.00 0.00 0.00 0.00 0.00
 %gnice 0.00 0.00 0.00 0.00 0.00 0.00 0.00 0.00 0.00 0.00 0.00 0.00 0.00 0.00 0.00 0.00 0.00 0.00 0.00 0.00 0.00 0.00 0.00 0.00 0.00 0.00 0.00 0.00 0.00 0.00 0.00 0.00 0.00
 %time 1676376890
 %usr 2.38 23.23 1.00 0.00 0.00 0.00 0.00 0.00 0.00 16.00 17.00 0.00 0.00 0.00 0.00 0.00 0.00 0.00 18.18 0.00 0.00 0.00 0.00 0.00 0.00 0.00 0.00 0.00 0.00 0.00 0.00 0.00 0.00
 %sys 0.81 7.07 1.00 0.00 0.00 0.00 0.00 0.00 0.00 6.00 5.00 0.00 0.00 0.00 0.00 0.00 0.00 0.00 5.05 0.00 0.00 0.00 0.00 0.00 0.00 0.00 0.00 0.00 0.00 0.00 0.00 0.00 0.00
 %gnice 0.00 0.00 0.00 0.00 0.00 0.00 0.00 0.00 0.00 0.00 0.00 0.00 0.00 0.00 0.00 0.00 0.00 0.00 0.00 0.00 0.00 0.00 0.00 0.00 0.00 0.00 0.00 0.00 0.00 0.00 0.00 0.00 0.00
 %time 1676376900
 %usr 2.94 1.01 18.81 0.00 0.00 0.00 0.00 0.00 0.00 25.25 26.26 5.05 0.00 0.00 0.00 0.00 0.00 18.18 0.00 0.00 0.00 0.00 0.00 0.00 0.00 0.00 0.00 0.00 0.00 0.00 0.00 0.00 0.00
 %sys 1.22 0.00 6.93 0.00 0.00 0.00 0.00 0.00 0.00 5.05 11.11 1.01 0.00 1.00 5.00 0.00 1.00 5.05 0.00 0.00 1.00 0.00 0.00 0.00 0.00 0.00 0.00 0.00 0.99 0.00 0.99 0.99 0.00
 %gnice 0.00 0.00 0.00 0.00 0.00 0.00 0.00 0.00 0.00 0.00 0.00 0.00 0.00 0.00 0.00 0.00 0.00 0.00 0.00 0.00 0.00 0.00 0.00 0.00 0.00 0.00 0.00 0.00 0.00 0.00 0.00 0.00 0.00
 %time 1676376910
 %usr 3.35 49.49 0.00 16.33 0.00 20.00 16.00 5.00 0.00 0.00 0.00 0.00 0.00 0.00 0.00 0.00 0.00 0.00 0.00 0.00 0.00 0.00 0.00 0.00 0.00 0.00 0.00 0.00 0.00 0.00 0.00 0.00 0.00
 %sys 1.28 14.14 0.00 6.12 1.00 8.00 5.00 2.00 1.00 0.00 0.00 0.00 0.00 0.00 1.00 1.01 1.00 0.00 0.00 0.00 0.00 0.00 0.99 0.00 0.00 0.00 0.00 0.99 0.00 0.00 0.00 0.00 0.00
 %gnice 0.00 0.00 0.00 0.00 0.00 0.00 0.00 0.00 0.00 0.00 0.00 0.00 0.00 0.00 0.00 0.00 0.00 0.00 0.00 0.00 0.00 0.00 0.00 0.00 0.00 0.00 0.00 0.00 0.00 0.00 0.00 0.00 0.00
 %time 1676376921
 %usr 3.66 0.00 57.58 45.00 0.00 0.00 0.00 0.00 0.00 2.00 0.00 0.00 0.00 0.00 0.00 0.00 0.00 0.00 0.00 11.11 0.00 0.00 0.00 0.00 0.00 0.00 0.00 0.00 0.00 0.00 0.00 0.00 0.00
 %sys 1.47 1.00 20.20 14.00 1.00 0.00 0.00 0.99 0.00 1.00 0.00 0.00 0.00 0.00 2.00 1.00 1.00 0.00 0.00 3.03 0.00 0.00 0.00 0.00 0.00 0.00 0.00 0.00 0.00 0.00 0.00 0.00 0.00
 %gnice 0.00 0.00 0.00 0.00 0.00 0.00 0.00 0.00 0.00 0.00 0.00 0.00 0.00 0.00 0.00 0.00 0.00 0.00 0.00 0.00 0.00 0.00 0.00 0.00 0.00 0.00 0.00 0.00 0.00 0.00 0.00 0.00 0.00
 %time 1676376931
 %usr 3.78 0.00 0.00 0.00 0.00 0.00 0.00 0.00 0.00 0.00 0.00 0.00 58.82 48.00 13.00 0.00 0.00 0.00 0.00 0.00 0.00 0.00 0.00 0.00 0.00 0.00 0.00 0.00 0.00 0.00 0.00 0.00 0.00
 %sys 1.41 0.00 0.00 0.00 0.00 0.00 0.00 1.00 0.99 0.00 1.00 1.00 19.61 14.00 4.00 3.00 1.98 0.00 0.00 0.00 0.00 0.00 0.00 0.00 0.00 0.99 0.00 0.00 0.00 0.99 0.00 0.00 0.00
 %gnice 0.00 0.00 0.00 0.00 0.00 0.00 0.00 0.00 0.00 0.00 0.00 0.00 0.00 0.00 0.00 0.00 0.00 0.00 0.00 0.00 0.00 0.00 0.00 0.00 0.00 0.00 0.00 0.00 0.00 0.00 0.00 0.00 0.00
 %time 1676376941
 %usr 3.84 0.00 0.00 60.20 0.00 0.00 0.00 0.00 0.00 0.00 0.00 0.00 0.00 0.00 0.00 0.00 0.00 63.00 0.00 0.00 0.00 0.00 0.00 0.00 0.00 0.00 0.00 0.00 0.00 0.00 0.00 0.00 0.00
 %sys 1.28 0.00 0.00 19.39 0.00 0.99 0.00 0.99 0.00 0.00 1.00 0.00 0.00 0.00 0.00 0.00 0.00 17.00 0.00 0.00 0.00 0.00 0.00 0.00 0.00 0.00 0.00 0.00 0.00 0.00 0.00 0.00 0.00
 %gnice 0.00 0.00 0.00 0.00 0.00 0.00 0.00 0.00 0.00 0.00 0.00 0.00 0.00 0.00 0.00 0.00 0.00 0.00 0.00 0.00 0.00 0.00 0.00 0.00 0.00 0.00 0.00 0.00 0.00 0.00 0.00 0.00 0.00
 %time 1676376951
 %usr 3.44 0.00 0.00 55.10 56.00 0.00 0.00 0.00 0.00 0.00 0.00 0.00 0.00 0.00 0.00 0.00 0.00 0.00 0.00 0.00 0.00 0.00 0.00 0.00 0.00 0.00 0.00 0.00 0.00 0.00 0.00 0.00 0.00
 %sys 1.35 0.00 1.00 18.37 17.00 1.00 1.00 1.00 0.00 0.00 0.00 0.00 0.00 0.00 2.02 1.98 0.00 0.00 0.00 0.00 0.00 0.00 0.00 0.00 0.00 0.00 0.00 0.00 0.00 0.00 0.00 0.00 0.00
 %gnice 0.00 0.00 0.00 0.00 0.00 0.00 0.00 0.00 0.00 0.00 0.00 0.00 0.00 0.00 0.00 0.00 0.00 0.00 0.00 0.00 0.00 0.00 0.00 0.00 0.00 0.00 0.00 0.00 0.00 0.00 0.00 0.00 0.00
 %time 1676376962
 %usr 3.72 0.00 0.00 14.00 36.36 14.85 2.00 0.00 3.96 3.03 0.00 0.00 0.00 0.00 0.00 0.00 0.00 0.00 0.00 0.00 0.00 46.00 0.00 0.00 0.00 0.00 0.00 0.00 0.00 0.00 0.00 0.00 0.00
 %sys 1.50 0.00 0.00 4.00 14.14 4.95 1.00 1.00 2.97 0.00 0.00 0.00 0.00 0.00 0.00 4.04 1.00 0.00 0.00 0.00 0.00 14.00 0.00 0.00 0.00 0.00 0.00 0.00 0.00 0.00 0.00 0.00 0.00
 %gnice 0.00 0.00 0.00 0.00 0.00 0.00 0.00 0.00 0.00 0.00 0.00 0.00 0.00 0.00 0.00 0.00 0.00 0.00 0.00 0.00 0.00 0.00 0.00 0.00 0.00 0.00 0.00 0.00 0.00 0.00 0.00 0.00 0.00
 %time 1676376972
 %usr 3.75 0.00 0.00 6.93 16.00 0.00 0.00 0.00 0.00 7.00 0.00 0.00 0.00 0.00 0.00 0.00 0.00 0.00 58.00 30.69 0.00 0.00 0.00 0.00 0.00 0.00 0.00 0.00 0.00 0.00 0.00 0.00 0.00
 %sys 1.41 0.00 0.99 2.97 4.00 0.00 0.00 1.00 1.00 2.00 0.00 0.00 0.00 0.00 0.00 3.03 2.00 0.00 20.00 7.92 0.00 0.00 0.00 0.00 0.00 0.00 0.00 0.00 0.00 0.00 0.00 0.00 0.00
 %gnice 0.00 0.00 0.00 0.00 0.00 0.00 0.00 0.00 0.00 0.00 0.00 0.00 0.00 0.00 0.00 0.00 0.00 0.00 0.00 0.00 0.00 0.00 0.00 0.00 0.00 0.00 0.00 0.00 0.00 0.00 0.00 0.00 0.00
 %time 1676376982
 %usr 2.09 1.02 0.00 0.00 0.00 0.00 0.00 0.00 0.00 0.00 32.00 30.30 3.00 0.00 0.00 0.00 0.00 0.99 0.00 0.00 0.00 0.00 0.00 0.00 0.00 0.00 0.00 0.00 0.00 0.00 0.00 0.00 0.00
 %sys 0.97 0.00 0.00 0.00 0.00 0.00 0.00 0.00 0.00 0.00 14.00 9.09 1.00 0.00 0.00 3.03 0.99 0.99 0.00 0.00 0.00 0.00 0.00 0.00 0.00 0.00 0.00 0.00 0.00 0.00 0.00 0.00 0.00
 %gnice 0.00 0.00 0.00 0.00 0.00 0.00 0.00 0.00 0.00 0.00 0.00 0.00 0.00 0.00 0.00 0.00 0.00 0.00 0.00 0.00 0.00 0.00 0.00 0.00 0.00 0.00 0.00 0.00 0.00 0.00 0.00 0.00 0.00
 %time 1676376993
 %usr 3.47 3.03 0.00 33.00 51.49 19.39 0.00 0.00 0.00 5.00 0.00 0.00 0.00 0.00 0.00 0.00 0.00 0.00 0.00 0.00 0.00 0.00 0.00 0.00 0.00 0.00 0.00 0.00 0.00 0.00 0.00 0.00 0.00
 %sys 1.47 1.01 1.00 14.00 16.83 5.10 0.00 0.99 0.00 2.00 0.99 0.00 0.00 0.99 0.00 3.00 1.00 0.00 0.00 0.00 0.00 0.00 0.00 0.00 0.00 0.00 0.00 0.00 0.00 0.00 0.00 0.00 0.00
 %gnice 0.00 0.00 0.00 0.00 0.00 0.00 0.00 0.00 0.00 0.00 0.00 0.00 0.00 0.00 0.00 0.00 0.00 0.00 0.00 0.00 0.00 0.00 0.00 0.00 0.00 0.00 0.00 0.00 0.00 0.00 0.00 0.00 0.00
 %time 1676377003
 %usr 3.28 0.00 0.00 0.00 0.00 0.00 39.22 0.00 39.00 7.00 11.00 7.84 0.00 0.00 0.00 0.00 0.00 0.00 0.00 0.00 0.00 0.00 0.00 0.00 0.00 1.00 0.00 0.00 0.00 0.00 0.00 0.00 0.00
 %sys 1.44 0.00 0.00 0.00 0.00 0.00 14.71 0.00 11.00 5.00 7.00 3.92 0.00 0.00 0.99 1.00 3.00 0.00 0.00 0.00 0.00 0.00 0.00 0.99 0.00 0.00 0.00 0.00 0.00 0.00 0.00 0.00 0.00
 %gnice 0.00 0.00 0.00 0.00 0.00 0.00 0.00 0.00 0.00 0.00 0.00 0.00 0.00 0.00 0.00 0.00 0.00 0.00 0.00 0.00 0.00 0.00 0.00 0.00 0.00 0.00 0.00 0.00 0.00 0.00 0.00 0.00 0.00
 %time 1676377013
 %usr 3.47 31.31 0.00 0.00 0.00 54.46 0.00 0.00 0.00 0.00 0.00 0.00 0.00 0.00 0.00 0.00 0.00 25.00 0.00 0.00 0.00 0.00 0.00 0.00 0.00 0.00 0.00 0.00 0.00 0.00 0.00 0.00 0.00
 %sys 1.38 9.09 0.00 1.00 0.00 18.81 0.00 1.00 0.99 0.00 0.99 1.01 0.00 0.00 0.00 0.00 3.06 8.00 0.00 0.00 0.00 0.00 0.00 0.00 0.00 0.00 0.00 0.00 0.00 0.00 0.00 0.00 0.00
 %gnice 0.00 0.00 0.00 0.00 0.00 0.00 0.00 0.00 0.00 0.00 0.00 0.00 0.00 0.00 0.00 0.00 0.00 0.00 0.00 0.00 0.00 0.00 0.00 0.00 0.00 0.00 0.00 0.00 0.00 0.00 0.00 0.00 0.00
 %time 1676377024
 %usr 3.22 39.39 37.62 0.00 0.00 0.00 0.00 0.00 0.00 16.00 10.00 0.00 0.00 0.00 0.00 0.00 0.00 0.00 0.00 0.00 0.00 0.00 0.00 0.00 0.00 0.00 0.00 0.00 0.00 0.00 0.00 0.00 0.00
 %sys 1.34 15.15 9.90 0.00 1.00 0.00 0.00 0.00 0.00 6.00 4.00 2.00 0.99 0.00 0.00 0.00 3.00 0.00 0.00 0.00 0.00 0.00 1.00 0.00 0.00 0.00 0.00 0.00 0.00 0.00 0.00 0.00 0.00
 %gnice 0.00 0.00 0.00 0.00 0.00 0.00 0.00 0.00 0.00 0.00 0.00 0.00 0.00 0.00 0.00 0.00 0.00 0.00 0.00 0.00 0.00 0.00 0.00 0.00 0.00 0.00 0.00 0.00 0.00 0.00 0.00 0.00 0.00
 %time 1676377034
 %usr 3.41 0.00 53.54 10.89 45.00 0.00 0.00 0.00 0.00 0.00 0.00 0.00 0.00 0.00 0.00 0.00 0.00 0.00 0.00 0.00 0.00 0.00 0.00 0.00 0.00 0.00 0.00 0.00 0.00 0.00 0.00 0.00 0.00
 %sys 1.44 1.00 21.21 3.96 14.00 0.00 1.00 0.00 0.00 2.02 0.99 0.00 0.00 0.00 0.00 0.00 1.98 0.00 0.99 0.00 0.00 0.00 0.00 0.00 0.00 0.00 0.00 0.00 0.00 0.00 0.00 0.00 0.00
 %gnice 0.00 0.00 0.00 0.00 0.00 0.00 0.00 0.00 0.00 0.00 0.00 0.00 0.00 0.00 0.00 0.00 0.00 0.00 0.00 0.00 0.00 0.00 0.00 0.00 0.00 0.00 0.00 0.00 0.00 0.00 0.00 0.00 0.00
 %time 1676377044
 %usr 2.06 4.00 0.00 0.00 0.00 0.00 0.00 0.00 0.00 0.00 0.00 0.00 0.00 0.00 0.00 0.00 0.00 28.71 0.00 34.00 0.00 0.00 0.00 0.00 0.00 0.00 0.00 0.00 0.00 0.00 0.00 0.00 0.00
 %sys 0.91 1.00 0.00 0.00 0.00 0.99 0.00 0.00 0.99 0.00 0.00 0.00 0.00 0.00 0.00 0.00 4.04 10.89 0.00 10.00 0.00 0.00 0.00 0.00 0.00 0.00 0.00 0.00 0.00 0.00 0.00 0.00 0.00
 %gnice 0.00 0.00 0.00 0.00 0.00 0.00 0.00 0.00 0.00 0.00 0.00 0.00 0.00 0.00 0.00 0.00 0.00 0.00 0.00 0.00 0.00 0.00 0.00 0.00 0.00 0.00 0.00 0.00 0.00 0.00 0.00 0.00 0.00
 %time 1676377055
 %usr 3.53 0.00 20.00 0.00 0.00 0.00 34.00 0.00 2.00 0.00 0.00 0.00 0.00 0.00 0.00 0.00 0.00 0.00 33.00 0.00 0.00 0.00 24.24 0.00 0.00 0.00 0.00 0.00 0.00 0.00 0.00 0.00 0.00
 %sys 1.69 0.99 9.00 1.00 1.98 0.00 12.00 0.00 1.00 0.00 0.00 0.00 0.00 0.00 0.00 0.99 4.08 0.00 14.00 0.00 0.00 0.00 8.08 0.00 0.00 0.00 0.00 0.00 0.00 0.00 0.00 0.00 0.00
 %gnice 0.00 0.00 0.00 0.00 0.00 0.00 0.00 0.00 0.00 0.00 0.00 0.00 0.00 0.00 0.00 0.00 0.00 0.00 0.00 0.00 0.00 0.00 0.00 0.00 0.00 0.00 0.00 0.00 0.00 0.00 0.00 0.00 0.00
 %time 1676377065
 %usr 3.31 7.00 53.00 0.00 0.00 0.00 0.00 0.00 0.00 0.00 0.00 0.00 0.00 0.00 0.00 0.00 0.00 45.00 0.00 0.00 0.00 0.00 0.00 0.00 0.00 0.00 0.00 0.00 0.00 0.00 0.00 0.00 0.00
 %sys 1.56 3.00 20.00 0.00 0.00 0.00 0.00 0.00 0.00 0.00 1.00 0.99 0.00 0.00 0.00 0.00 3.00 19.00 0.00 0.00 0.00 0.00 0.00 0.00 0.00 0.00 0.00 0.00 0.00 0.00 0.00 0.00 0.00
 %gnice 0.00 0.00 0.00 0.00 0.00 0.00 0.00 0.00 0.00 0.00 0.00 0.00 0.00 0.00 0.00 0.00 0.00 0.00 0.00 0.00 0.00 0.00 0.00 0.00 0.00 0.00 0.00 0.00 0.00 0.00 0.00 0.00 0.00
 %time 1676377075
 %usr 3.85 0.00 20.79 61.39 40.59 0.00 0.00 0.00 0.00 0.00 0.00 0.00 0.00 0.00 0.00 0.00 0.00 0.00 0.00 0.00 0.00 0.00 0.00 0.00 0.00 0.00 0.00 0.00 0.00 0.00 0.00 0.00 0.00
 %sys 1.66 1.01 7.92 21.78 15.84 0.00 0.99 1.00 0.00 0.00 0.00 0.00 0.00 0.00 0.00 0.00 2.00 0.00 0.00 0.00 0.00 0.00 0.00 0.00 0.00 0.00 0.00 0.00 0.00 0.00 0.00 0.00 2.97
 %gnice 0.00 0.00 0.00 0.00 0.00 0.00 0.00 0.00 0.00 0.00 0.00 0.00 0.00 0.00 0.00 0.00 0.00 0.00 0.00 0.00 0.00 0.00 0.00 0.00 0.00 0.00 0.00 0.00 0.00 0.00 0.00 0.00 0.00
 %time 1676377086
 %usr 3.63 0.00 0.00 0.00 0.00 19.80 29.70 60.00 6.00 0.00 0.00 0.00 0.00 0.00 0.00 0.00 0.00 0.00 0.00 0.00 0.00 0.00 0.00 0.00 0.00 0.00 0.00 0.00 0.00 0.00 0.00 0.00 0.00
 %sys 2.19 9.00 1.00 2.00 2.97 8.91 9.90 16.00 6.00 3.03 0.00 0.00 0.00 0.00 0.00 1.00 0.00 7.00 0.00 0.00 0.00 0.00 0.00 0.00 1.00 0.00 0.00 0.00 0.00 0.00 0.00 0.00 0.00
 %gnice 0.00 0.00 0.00 0.00 0.00 0.00 0.00 0.00 0.00 0.00 0.00 0.00 0.00 0.00 0.00 0.00 0.00 0.00 0.00 0.00 0.00 0.00 0.00 0.00 0.00 0.00 0.00 0.00 0.00 0.00 0.00 0.00 0.00
 %time 1676377097
 %usr 3.44 17.17 3.00 38.00 0.00 0.00 0.00 0.00 0.00 2.97 0.00 0.00 0.00 0.00 0.00 0.00 0.00 35.00 0.00 14.14 0.00 0.00 0.00 0.00 0.00 0.00 0.00 0.00 0.00 0.00 0.00 0.00 0.00
 %sys 2.03 7.07 1.00 13.00 3.03 1.00 0.00 0.00 0.00 1.98 0.00 1.01 0.00 0.00 0.00 0.00 2.97 15.00 0.00 17.17 3.00 0.00 0.00 0.00 0.99 0.00 0.00 0.00 0.00 0.00 0.00 0.00 0.00
 %gnice 0.00 0.00 0.00 0.00 0.00 0.00 0.00 0.00 0.00 0.00 0.00 0.00 0.00 0.00 0.00 0.00 0.00 0.00 0.00 0.00 0.00 0.00 0.00 0.00 0.00 0.00 0.00 0.00 0.00 0.00 0.00 0.00 0.00
 %time 1676377108
 %usr 3.78 28.28 1.00 18.00 0.00 6.00 0.00 0.00 0.00 24.75 17.00 0.00 17.17 0.00 0.00 0.00 0.00 9.00 0.00 0.00 0.00 0.00 0.00 0.00 0.00 0.00 0.00 0.00 0.00 0.00 0.00 0.00 0.00
 %sys 2.35 9.09 2.00 7.00 0.00 6.00 0.00 0.00 0.00 9.90 8.00 0.00 9.09 2.97 1.00 0.99 4.00 10.00 2.00 0.00 0.00 1.01 0.00 0.00 0.00 0.00 0.00 0.00 0.00 1.01 0.00 0.00 0.00
 %gnice 0.00 0.00 0.00 0.00 0.00 0.00 0.00 0.00 0.00 0.00 0.00 0.00 0.00 0.00 0.00 0.00 0.00 0.00 0.00 0.00 0.00 0.00 0.00 0.00 0.00 0.00 0.00 0.00 0.00 0.00 0.00 0.00 0.00
 %time 1676377118
 %usr 3.60 0.00 0.00 0.00 0.00 0.00 18.18 0.00 0.00 40.59 38.38 0.00 0.00 0.00 0.00 0.00 0.00 0.00 0.00 0.00 0.00 18.00 0.00 0.00 0.00 0.00 0.00 0.00 0.00 0.00 0.00 0.00 0.00
 %sys 2.03 0.00 1.01 0.00 0.00 0.00 5.05 6.00 0.00 13.86 15.15 1.00 0.99 2.00 0.00 0.00 4.08 0.00 0.00 0.00 0.00 7.00 0.00 2.00 0.00 0.00 0.00 0.99 0.00 5.00 0.00 0.99 0.00
 %gnice 0.00 0.00 0.00 0.00 0.00 0.00 0.00 0.00 0.00 0.00 0.00 0.00 0.00 0.00 0.00 0.00 0.00 0.00 0.00 0.00 0.00 0.00 0.00 0.00 0.00 0.00 0.00 0.00 0.00 0.00 0.00 0.00 0.00
 %time 1676377129
 %usr 3.41 0.00 49.49 43.43 6.06 0.00 0.00 0.00 0.00 11.11 0.00 0.00 0.00 0.00 0.00 0.00 0.00 0.00 0.00 0.00 0.00 0.00 0.00 0.00 0.00 0.00 0.00 0.00 0.00 0.00 0.00 0.00 0.00
 %sys 1.84 1.01 21.21 20.20 2.02 0.00 1.98 0.99 1.00 3.03 0.00 2.02 0.00 0.99 0.00 0.00 3.03 0.00 0.00 0.00 1.00 0.00 0.00 0.00 0.00 0.00 0.00 1.00 0.00 0.00 0.00 0.00 0.00
 %gnice 0.00 0.00 0.00 0.00 0.00 0.00 0.00 0.00 0.00 0.00 0.00 0.00 0.00 0.00 0.00 0.00 0.00 0.00 0.00 0.00 0.00 0.00 0.00 0.00 0.00 0.00 0.00 0.00 0.00 0.00 0.00 0.00 0.00
 %time 1676377139
 %usr 3.44 24.24 20.79 3.03 0.00 0.00 0.00 0.00 0.00 0.00 4.00 19.19 0.00 0.00 0.00 0.00 0.00 0.00 0.00 0.00 0.00 0.00 8.91 0.00 0.00 31.00 0.00 0.00 0.00 0.00 0.00 0.00 0.00
 %sys 1.88 8.08 6.93 1.01 2.00 0.00 0.00 0.00 0.00 0.00 2.00 6.06 0.00 3.00 0.00 1.00 5.00 0.00 1.00 0.00 7.00 0.00 3.96 0.00 0.00 10.00 0.00 0.00 0.00 3.03 0.00 1.00 0.00
 %gnice 0.00 0.00 0.00 0.00 0.00 0.00 0.00 0.00 0.00 0.00 0.00 0.00 0.00 0.00 0.00 0.00 0.00 0.00 0.00 0.00 0.00 0.00 0.00 0.00 0.00 0.00 0.00 0.00 0.00 0.00 0.00 0.00 0.00
 %time 1676377149
 %usr 3.38 0.00 0.00 0.00 54.00 2.02 0.00 15.00 0.00 0.00 0.00 0.00 0.00 0.00 0.00 0.00 0.00 0.00 0.00 38.00 0.00 0.00 0.00 0.00 0.00 0.00 0.00 0.00 0.00 0.00 0.00 0.00 0.00
 %sys 1.94 2.00 0.00 0.99 20.00 4.04 1.00 7.00 1.00 1.00 0.00 0.00 0.00 0.00 0.00 0.00 4.04 0.00 0.00 13.00 5.00 2.02 0.00 0.00 0.00 0.99 0.00 0.00 0.00 0.00 0.00 0.00 0.00
 %gnice 0.00 0.00 0.00 0.00 0.00 0.00 0.00 0.00 0.00 0.00 0.00 0.00 0.00 0.00 0.00 0.00 0.00 0.00 0.00 0.00 0.00 0.00 0.00 0.00 0.00 0.00 0.00 0.00 0.00 0.00 0.00 0.00 0.00
 %time 1676377159
 %usr 3.22 0.00 0.00 0.00 0.00 0.00 27.00 30.69 0.00 22.22 22.77 0.00 0.00 0.00 0.00 0.00 0.00 0.00 0.00 0.00 0.00 0.00 0.00 0.00 0.00 0.00 0.00 0.00 0.00 0.00 0.00 0.00 0.00
 %sys 1.81 1.00 0.00 0.00 0.99 0.00 11.00 8.91 5.00 8.08 7.92 1.00 0.00 1.00 0.99 0.00 3.03 0.00 0.00 0.00 0.00 0.00 0.00 0.00 0.00 0.00 10.00 0.00 0.00 0.00 0.00 0.00 0.00
 %gnice 0.00 0.00 0.00 0.00 0.00 0.00 0.00 0.00 0.00 0.00 0.00 0.00 0.00 0.00 0.00 0.00 0.00 0.00 0.00 0.00 0.00 0.00 0.00 0.00 0.00 0.00 0.00 0.00 0.00 0.00 0.00 0.00 0.00
 %time 1676377170
 %usr 3.63 0.00 0.00 0.00 0.00 0.00 43.00 0.00 0.00 0.00 10.10 16.00 0.00 0.00 0.00 0.00 0.00 0.00 0.00 0.00 0.00 46.53 0.00 0.00 0.00 0.00 0.00 0.00 0.00 0.00 0.00 0.00 0.00
 %sys 1.97 2.00 0.99 0.00 0.00 0.00 13.00 0.00 4.00 2.00 4.04 8.00 0.00 0.00 1.00 0.00 3.06 0.00 1.00 0.00 0.00 15.84 0.00 0.00 2.00 0.00 0.00 7.00 0.00 0.00 0.00 0.00 0.99
 %gnice 0.00 0.00 0.00 0.00 0.00 0.00 0.00 0.00 0.00 0.00 0.00 0.00 0.00 0.00 0.00 0.00 0.00 0.00 0.00 0.00 0.00 0.00 0.00 0.00 0.00 0.00 0.00 0.00 0.00 0.00 0.00 0.00 0.00
 %time 1676377180
 %usr 3.78 0.00 59.60 42.57 14.00 0.00 0.00 0.00 0.00 5.94 0.00 0.00 0.00 0.00 0.00 0.00 0.00 0.00 0.99 0.00 0.00 0.00 0.00 0.00 0.00 0.00 0.00 0.00 0.00 0.00 0.00 0.00 0.00
 %sys 2.00 0.00 21.21 11.88 13.00 1.00 0.00 0.99 0.00 1.98 0.00 1.00 0.00 0.99 0.00 0.00 5.05 0.00 0.00 0.00 4.95 0.00 0.99 0.00 0.00 0.00 0.00 2.00 0.99 0.00 0.00 0.00 0.00
 %gnice 0.00 0.00 0.00 0.00 0.00 0.00 0.00 0.00 0.00 0.00 0.00 0.00 0.00 0.00 0.00 0.00 0.00 0.00 0.00 0.00 0.00 0.00 0.00 0.00 0.00 0.00 0.00 0.00 0.00 0.00 0.00 0.00 0.00
 %time 1676377191
 %usr 3.69 32.32 12.87 43.56 0.00 0.00 0.00 0.00 0.00 0.00 0.00 0.00 0.00 0.00 0.00 0.00 0.00 30.00 0.00 0.00 0.00 0.00 0.00 0.00 0.00 0.00 0.00 0.00 0.00 0.00 0.00 0.00 0.00
 %sys 1.84 9.09 3.96 17.82 0.00 0.00 7.00 2.00 0.00 3.00 0.00 0.00 1.00 0.00 0.00 0.00 2.02 8.00 1.00 1.00 0.00 0.00 0.00 1.00 0.00 0.00 0.00 0.00 1.00 0.00 0.00 0.00 0.00
 %gnice 0.00 0.00 0.00 0.00 0.00 0.00 0.00 0.00 0.00 0.00 0.00 0.00 0.00 0.00 0.00 0.00 0.00 0.00 0.00 0.00 0.00 0.00 0.00 0.00 0.00 0.00 0.00 0.00 0.00 0.00 0.00 0.00 0.00
 %time 1676377201
 %usr 3.50 0.00 0.00 0.00 0.00 28.00 55.56 0.00 0.00 0.00 0.00 0.00 0.00 0.00 1.00 0.00 0.00 0.00 0.00 0.99 0.00 25.00 0.00 0.00 0.00 0.00 0.00 0.00 0.00 0.00 0.99 0.00 0.00
 %sys 2.00 1.01 1.00 0.00 0.00 10.00 18.18 1.00 5.94 2.00 0.99 0.00 0.00 0.00 1.00 0.00 3.03 0.00 0.00 0.00 0.00 10.00 0.00 0.00 2.02 0.00 0.00 0.99 2.02 0.00 4.95 0.00 0.00
 %gnice 0.00 0.00 0.00 0.00 0.00 0.00 0.00 0.00 0.00 0.00 0.00 0.00 0.00 0.00 0.00 0.00 0.00 0.00 0.00 0.00 0.00 0.00 0.00 0.00 0.00 0.00 0.00 0.00 0.00 0.00 0.00 0.00 0.00
 %time 1676377212
 %usr 3.13 0.00 0.00 0.00 0.00 0.00 0.00 0.00 0.00 0.00 34.34 13.73 0.00 0.00 0.00 0.00 0.00 0.00 0.00 0.00 0.00 3.00 0.00 0.00 0.00 50.00 0.00 0.00 0.00 0.00 0.00 0.00 0.00
 %sys 1.88 0.00 0.00 0.00 3.03 0.00 0.00 0.00 0.00 0.00 11.11 5.88 0.00 5.00 0.00 1.00 4.95 0.00 0.99 0.00 2.00 0.00 0.00 0.00 0.00 21.00 0.00 0.00 0.00 5.00 0.00 0.00 0.00
 %gnice 0.00 0.00 0.00 0.00 0.00 0.00 0.00 0.00 0.00 0.00 0.00 0.00 0.00 0.00 0.00 0.00 0.00 0.00 0.00 0.00 0.00 0.00 0.00 0.00 0.00 0.00 0.00 0.00 0.00 0.00 0.00 0.00 0.00
 %time 1676377222
 %usr 3.53 0.00 0.00 0.00 0.00 0.00 0.00 0.00 0.00 0.00 0.00 0.00 0.00 16.83 57.43 39.00 0.00 0.00 0.00 0.00 0.00 0.00 0.00 0.00 0.00 0.00 0.00 0.00 0.00 0.00 0.00 0.00 0.00
 %sys 1.91 0.00 0.00 0.00 0.00 0.00 1.98 1.00 0.00 2.02 0.00 0.00 0.00 7.92 19.80 14.00 5.05 0.00 0.00 0.00 0.00 0.00 1.00 0.00 0.00 0.99 0.00 0.99 0.00 1.00 0.00 0.00 3.00
 %gnice 0.00 0.00 0.00 0.00 0.00 0.00 0.00 0.00 0.00 0.00 0.00 0.00 0.00 0.00 0.00 0.00 0.00 0.00 0.00 0.00 0.00 0.00 0.00 0.00 0.00 0.00 0.00 0.00 0.00 0.00 0.00 0.00 0.00
 %time 1676377232
 %usr 3.69 0.00 0.00 0.00 0.00 0.00 59.00 0.00 0.00 0.00 0.00 0.00 0.00 0.00 0.00 0.00 0.00 0.00 59.41 0.00 0.00 0.00 0.00 0.00 0.00 0.00 0.00 0.00 0.00 0.00 0.00 0.00 0.00
 %sys 1.84 0.00 0.00 0.00 1.98 0.00 21.00 6.00 1.00 0.00 2.04 2.02 0.00 1.01 0.00 0.00 0.00 0.00 20.79 0.00 0.00 0.00 0.99 0.00 0.00 0.00 0.00 0.00 0.00 1.00 0.00 0.00 0.00
 %gnice 0.00 0.00 0.00 0.00 0.00 0.00 0.00 0.00 0.00 0.00 0.00 0.00 0.00 0.00 0.00 0.00 0.00 0.00 0.00 0.00 0.00 0.00 0.00 0.00 0.00 0.00 0.00 0.00 0.00 0.00 0.00 0.00 0.00
 %time 1676377243
 %usr 0.41 0.00 0.00 0.00 0.00 0.00 0.00 0.00 0.00 0.00 0.00 0.00 0.00 0.00 0.00 0.00 0.00 0.00 0.00 0.00 0.00 0.00 0.00 0.00 0.00 0.00 12.87 0.00 0.00 0.00 0.00 0.00 0.00
 %sys 0.22 0.00 0.00 0.00 0.00 0.00 0.00 0.00 0.00 0.00 0.99 0.00 2.02 3.00 0.00 0.00 0.00 0.00 0.00 0.00 0.00 0.00 0.00 0.00 0.00 0.00 1.98 0.00 0.00 0.00 0.00 0.00 0.00
 %gnice 0.00 0.00 0.00 0.00 0.00 0.00 0.00 0.00 0.00 0.00 0.00 0.00 0.00 0.00 0.00 0.00 0.00 0.00 0.00 0.00 0.00 0.00 0.00 0.00 0.00 0.00 0.00 0.00 0.00 0.00 0.00 0.00 0.00
 %time 1676377253
 %usr 1.69 0.00 1.00 0.99 0.00 1.01 0.00 0.00 0.98 6.06 0.00 0.00 2.00 2.02 1.01 0.00 0.00 0.00 8.00 3.00 3.03 1.00 1.00 2.00 1.00 0.00 12.00 4.00 2.02 0.00 1.01 0.99 1.00
 %sys 2.00 0.00 0.00 1.98 1.00 0.00 0.00 0.00 0.98 0.00 0.00 0.00 2.00 0.00 0.00 0.00 0.00 0.00 15.00 6.00 5.05 1.00 0.00 1.00 1.00 0.00 14.00 7.00 2.02 1.00 1.01 0.99 1.00
 %gnice 0.00 0.00 0.00 0.00 0.00 0.00 0.00 0.00 0.00 0.00 0.00 0.00 0.00 0.00 0.00 0.00 0.00 0.00 0.00 0.00 0.00 0.00 0.00 0.00 0.00 0.00 0.00 0.00 0.00 0.00 0.00 0.00 0.00
 %time 1676377263
 %usr 0.00 0.00 0.00 0.00 0.99 0.00 0.00 0.00 0.00 0.00 0.00 0.00 0.00 0.00 0.00 0.00 0.00 0.00 0.00 0.00 0.00 0.00 0.00 0.00 0.00 0.00 0.00 0.00 0.00 0.00 0.00 0.00 0.00
 %sys 0.19 0.00 0.00 0.00 0.00 0.00 0.00 0.00 0.00 0.00 0.00 0.00 0.00 1.98 3.06 0.00 0.00 0.00 0.00 0.99 0.00 0.00 0.99 0.00 0.00 0.00 0.00 0.00 0.00 0.00 0.00 0.00 0.00
 %gnice 0.00 0.00 0.00 0.00 0.00 0.00 0.00 0.00 0.00 0.00 0.00 0.00 0.00 0.00 0.00 0.00 0.00 0.00 0.00 0.00 0.00 0.00 0.00 0.00 0.00 0.00 0.00 0.00 0.00 0.00 0.00 0.00 0.00
 %time 1676377274
 %usr 0.03 0.00 0.00 0.00 0.00 0.00 0.00 0.00 0.00 0.00 0.00 0.00 0.00 0.00 0.00 0.00 0.00 0.00 0.00 0.00 0.00 2.00 0.00 0.00 0.00 0.00 0.00 0.00 0.00 0.00 0.00 0.00 0.00
 %sys 0.25 0.00 0.00 0.00 0.00 0.00 1.00 0.00 0.00 0.00 0.00 0.00 0.00 3.00 2.02 0.00 0.00 0.00 0.00 0.00 0.00 1.00 0.00 0.00 0.00 0.00 0.00 0.99 0.00 0.00 0.00 0.00 0.00
 %gnice 0.00 0.00 0.00 0.00 0.00 0.00 0.00 0.00 0.00 0.00 0.00 0.00 0.00 0.00 0.00 0.00 0.00 0.00 0.00 0.00 0.00 0.00 0.00 0.00 0.00 0.00 0.00 0.00 0.00 0.00 0.00 0.00 0.00
 %time 1676377284
 %usr 0.34 0.00 0.00 0.00 0.00 1.01 0.00 0.00 0.00 0.00 0.00 0.00 0.00 0.00 0.00 0.00 0.00 0.00 0.00 0.00 0.00 9.09 0.00 0.00 0.00 0.00 0.00 0.00 0.00 0.00 0.00 0.00 0.00
 %sys 0.59 0.99 0.00 0.00 0.00 1.01 0.99 1.00 0.00 0.00 1.00 0.00 0.00 1.02 2.02 2.97 0.00 0.00 0.00 1.00 0.00 6.06 0.00 0.00 0.00 0.00 0.00 0.00 0.00 0.00 1.00 0.00 0.00
 %gnice 0.00 0.00 0.00 0.00 0.00 0.00 0.00 0.00 0.00 0.00 0.00 0.00 0.00 0.00 0.00 0.00 0.00 0.00 0.00 0.00 0.00 0.00 0.00 0.00 0.00 0.00 0.00 0.00 0.00 0.00 0.00 0.00 0.00
 %time 1676377294
 %usr 0.06 0.00 0.00 0.00 0.00 0.00 0.00 0.00 0.00 1.01 0.00 0.00 0.00 0.99 0.00 0.00 0.00 0.00 0.00 0.00 0.00 0.00 0.00 0.00 0.00 0.00 0.99 0.00 0.00 0.00 0.00 0.00 0.00
 %sys 1.00 0.00 0.00 0.00 0.00 2.02 0.00 0.00 0.00 3.03 1.98 0.99 4.04 2.97 3.03 1.00 1.01 0.00 0.00 1.00 5.21 0.00 0.00 0.00 0.00 0.00 0.00 0.00 0.00 1.98 0.00 2.02 1.00
 %gnice 0.00 0.00 0.00 0.00 0.00 0.00 0.00 0.00 0.00 0.00 0.00 0.00 0.00 0.00 0.00 0.00 0.00 0.00 0.00 0.00 0.00 0.00 0.00 0.00 0.00 0.00 0.00 0.00 0.00 0.00 0.00 0.00 0.00
 %time 1676377305
 %usr 0.25 0.00 0.00 0.00 0.00 0.00 0.00 0.00 0.00 0.00 0.00 8.08 0.00 0.00 0.00 0.00 0.00 0.00 0.00 0.99 0.00 0.00 0.00 0.00 0.00 0.00 0.00 0.00 0.00 0.00 0.00 0.00 0.00
 %sys 0.28 0.00 0.00 0.00 1.00 0.99 0.00 0.99 0.99 1.00 1.00 2.02 0.00 0.99 0.00 0.99 0.00 0.00 0.00 0.00 0.00 0.00 0.00 0.00 0.00 0.00 0.00 0.00 0.00 0.00 0.00 0.00 0.00
 %gnice 0.00 0.00 0.00 0.00 0.00 0.00 0.00 0.00 0.00 0.00 0.00 0.00 0.00 0.00 0.00 0.00 0.00 0.00 0.00 0.00 0.00 0.00 0.00 0.00 0.00 0.00 0.00 0.00 0.00 0.00 0.00 0.00 0.00
 %time 1676377315
 %usr 0.25 0.00 0.00 0.00 0.00 0.00 0.00 0.00 0.00 0.00 6.06 0.00 0.00 0.00 0.00 0.00 0.00 0.00 0.00 0.00 0.00 0.00 0.00 0.00 0.00 0.00 0.00 0.00 0.00 0.00 0.00 0.00 0.00
 %sys 0.25 0.00 0.00 0.00 0.99 0.00 0.00 0.00 0.00 0.00 3.03 1.00 1.00 0.00 0.00 1.01 0.00 0.00 0.00 0.00 0.00 0.00 0.00 0.00 0.00 0.00 0.00 0.00 0.00 0.00 0.00 0.00 0.00
 %gnice 0.00 0.00 0.00 0.00 0.00 0.00 0.00 0.00 0.00 0.00 0.00 0.00 0.00 0.00 0.00 0.00 0.00 0.00 0.00 0.00 0.00 0.00 0.00 0.00 0.00 0.00 0.00 0.00 0.00 0.00 0.00 0.00 0.00
 %time 1676377325
 %usr 0.16 0.00 0.00 0.00 0.00 0.00 0.00 0.00 0.00 4.00 0.00 0.00 0.00 0.00 0.00 0.00 0.99 0.00 0.00 0.00 0.00 0.00 0.00 0.00 0.00 0.00 0.00 0.00 0.00 0.00 0.00 0.00 0.00
 %sys 0.44 0.00 0.00 0.00 0.00 0.99 0.00 0.00 0.00 5.00 0.00 1.00 0.00 1.00 1.00 0.99 1.98 0.00 0.00 0.00 1.01 0.00 0.00 0.00 0.00 0.00 0.00 0.00 0.00 0.00 0.00 0.00 0.00
 %gnice 0.00 0.00 0.00 0.00 0.00 0.00 0.00 0.00 0.00 0.00 0.00 0.00 0.00 0.00 0.00 0.00 0.00 0.00 0.00 0.00 0.00 0.00 0.00 0.00 0.00 0.00 0.00 0.00 0.00 0.00 0.00 0.00 0.00
 %time 1676377336
 %usr 0.13 0.00 0.00 0.00 0.00 0.00 0.00 0.00 0.00 2.06 0.00 0.99 0.00 0.00 0.00 0.00 1.00 0.00 0.00 0.00 0.00 0.00 0.00 0.00 0.00 0.00 0.00 0.00 0.00 0.00 0.00 0.00 0.00
 %sys 0.47 0.00 0.00 0.00 0.00 0.00 0.00 0.00 0.00 3.09 0.00 2.97 1.00 1.00 0.00 1.00 2.00 0.00 0.00 0.99 1.00 0.00 0.00 0.00 0.00 1.00 0.00 0.00 0.00 0.00 0.00 0.00 1.00
 %gnice 0.00 0.00 0.00 0.00 0.00 0.00 0.00 0.00 0.00 0.00 0.00 0.00 0.00 0.00 0.00 0.00 0.00 0.00 0.00 0.00 0.00 0.00 0.00 0.00 0.00 0.00 0.00 0.00 0.00 0.00 0.00 0.00 0.00
 %time 1676377346
 %usr 4.89 11.00 3.00 1.00 1.00 1.00 2.02 2.02 3.03 6.06 3.03 2.04 22.00 11.22 6.93 2.97 8.08 1.00 3.03 3.00 3.00 2.00 4.04 2.00 2.04 3.00 2.04 12.00 3.03 17.00 3.03 3.03 5.00
 %sys 61.16 69.00 29.00 46.00 35.00 37.00 62.63 41.41 56.57 50.51 45.45 74.49 26.00 16.33 54.46 36.63 44.44 62.00 95.96 92.00 97.00 97.00 65.66 84.00 64.29 93.00 86.73 40.00 74.75 36.00 90.91 81.82 75.00
 %gnice 0.00 0.00 0.00 0.00 0.00 0.00 0.00 0.00 0.00 0.00 0.00 0.00 0.00 0.00 0.00 0.00 0.00 0.00 0.00 0.00 0.00 0.00 0.00 0.00 0.00 0.00 0.00 0.00 0.00 0.00 0.00 0.00 0.00
 %time 1676377360
 %usr 2.47 3.00 1.01 2.00 1.01 3.00 2.02 2.00 3.00 2.02 2.00 2.02 3.00 3.00 2.02 7.92 1.98 2.02 2.00 3.00 3.00 2.00 2.00 2.00 2.00 2.02 3.00 2.02 1.01 2.00 2.00 3.00 2.00
 %sys 97.44 97.00 98.99 98.00 98.99 97.00 97.98 98.00 97.00 97.98 98.00 97.98 97.00 97.00 97.98 91.09 98.02 97.98 98.00 97.00 97.00 98.00 98.00 98.00 98.00 97.98 97.00 97.98 98.99 98.00 98.00 97.00 98.00
 %gnice 0.00 0.00 0.00 0.00 0.00 0.00 0.00 0.00 0.00 0.00 0.00 0.00 0.00 0.00 0.00 0.00 0.00 0.00 0.00 0.00 0.00 0.00 0.00 0.00 0.00 0.00 0.00 0.00 0.00 0.00 0.00 0.00 0.00
 %time 1676377375
 %usr 2.62 2.00 1.00 2.00 1.00 1.98 2.00 2.00 2.00 1.98 2.97 1.01 2.97 2.00 22.00 1.98 2.00 2.00 2.00 1.00 2.00 1.00 2.00 1.00 1.00 2.00 2.00 3.00 2.00 1.98 2.00 3.00 2.00
 %sys 97.38 98.00 99.00 98.00 99.00 98.02 98.00 98.00 98.00 98.02 97.03 98.99 97.03 98.00 78.00 98.02 98.00 98.00 98.00 99.00 98.00 99.00 98.00 99.00 99.00 98.00 98.00 96.00 98.00 98.02 98.00 97.00 98.00
 %gnice 0.00 0.00 0.00 0.00 0.00 0.00 0.00 0.00 0.00 0.00 0.00 0.00 0.00 0.00 0.00 0.00 0.00 0.00 0.00 0.00 0.00 0.00 0.00 0.00 0.00 0.00 0.00 0.00 0.00 0.00 0.00 0.00 0.00
 %time 1676377391
 %usr 2.63 1.98 1.98 1.98 2.94 2.00 2.97 1.98 1.98 1.98 1.98 1.98 1.96 2.00 1.98 1.96 2.97 1.98 1.98 2.97 2.00 1.98 1.98 2.94 1.98 22.77 1.98 1.98 1.98 2.00 2.97 1.98 2.00
 %sys 97.37 98.02 98.02 98.02 97.06 98.00 97.03 98.02 98.02 98.02 98.02 98.02 98.04 98.00 98.02 98.04 97.03 98.02 98.02 97.03 98.00 98.02 98.02 97.06 98.02 77.23 98.02 98.02 98.02 98.00 97.03 98.02 98.00
 %gnice 0.00 0.00 0.00 0.00 0.00 0.00 0.00 0.00 0.00 0.00 0.00 0.00 0.00 0.00 0.00 0.00 0.00 0.00 0.00 0.00 0.00 0.00 0.00 0.00 0.00 0.00 0.00 0.00 0.00 0.00 0.00 0.00 0.00
 %time 1676377409
 %usr 2.68 2.00 2.00 1.00 2.02 1.98 2.02 1.01 20.00 1.00 2.97 2.00 2.00 2.02 2.02 3.00 2.00 2.00 2.97 1.01 2.00 2.00 2.00 1.98 5.05 1.00 2.00 1.01 2.00 2.97 2.00 1.00 2.00
 %sys 97.32 98.00 98.00 99.00 97.98 98.02 97.98 98.99 80.00 99.00 97.03 98.00 98.00 97.98 97.98 97.00 98.00 98.00 97.03 98.99 98.00 98.00 98.00 98.02 94.95 99.00 98.00 98.99 98.00 97.03 98.00 99.00 98.00
 %gnice 0.00 0.00 0.00 0.00 0.00 0.00 0.00 0.00 0.00 0.00 0.00 0.00 0.00 0.00 0.00 0.00 0.00 0.00 0.00 0.00 0.00 0.00 0.00 0.00 0.00 0.00 0.00 0.00 0.00 0.00 0.00 0.00 0.00
 %time 1676377427
 %usr 2.54 1.98 1.00 1.98 1.00 2.00 2.00 0.99 2.97 1.98 1.98 1.98 0.99 2.00 16.83 1.00 1.98 1.98 1.98 2.00 2.97 2.00 1.98 2.97 2.94 2.97 2.00 1.98 1.98 1.98 3.00 2.00 1.96
 %sys 97.40 98.02 99.00 98.02 99.00 98.00 98.00 99.01 97.03 98.02 98.02 98.02 99.01 98.00 83.17 99.00 98.02 98.02 98.02 98.00 97.03 98.00 98.02 97.03 97.06 97.03 98.00 98.02 98.02 98.02 97.00 98.00 97.06
 %gnice 0.00 0.00 0.00 0.00 0.00 0.00 0.00 0.00 0.00 0.00 0.00 0.00 0.00 0.00 0.00 0.00 0.00 0.00 0.00 0.00 0.00 0.00 0.00 0.00 0.00 0.00 0.00 0.00 0.00 0.00 0.00 0.00 0.00
 %time 1676377447
 %usr 2.65 1.96 1.96 2.91 1.00 2.94 1.96 1.98 1.96 1.98 0.99 2.97 1.98 1.98 4.90 2.94 1.98 1.98 1.96 1.98 3.92 1.98 0.99 1.98 1.98 1.98 1.96 1.96 1.98 1.98 18.63 1.00 1.96
 %sys 97.35 98.04 98.04 97.09 99.00 97.06 98.04 98.02 98.04 98.02 99.01 97.03 98.02 98.02 95.10 97.06 98.02 98.02 98.04 98.02 96.08 98.02 99.01 98.02 98.02 98.02 98.04 98.04 98.02 98.02 81.37 99.00 98.04
 %gnice 0.00 0.00 0.00 0.00 0.00 0.00 0.00 0.00 0.00 0.00 0.00 0.00 0.00 0.00 0.00 0.00 0.00 0.00 0.00 0.00 0.00 0.00 0.00 0.00 0.00 0.00 0.00 0.00 0.00 0.00 0.00 0.00 0.00
 %time 1676377464
 %usr 2.23 1.00 2.94 12.75 1.98 1.96 0.98 1.96 0.99 1.96 1.96 2.94 2.00 1.98 1.98 0.99 2.97 1.96 1.96 1.96 0.99 1.98 1.96 1.98 2.94 1.98 2.00 1.96 1.96 0.99 1.96 2.94 2.00
 %sys 97.09 99.00 96.08 86.27 97.03 97.06 98.04 97.06 98.02 97.06 98.04 96.08 98.00 97.03 98.02 98.02 96.04 97.06 97.06 97.06 99.01 97.03 97.06 97.03 96.08 97.03 98.00 97.06 97.06 98.02 97.06 96.08 98.00
 %gnice 0.00 0.00 0.00 0.00 0.00 0.00 0.00 0.00 0.00 0.00 0.00 0.00 0.00 0.00 0.00 0.00 0.00 0.00 0.00 0.00 0.00 0.00 0.00 0.00 0.00 0.00 0.00 0.00 0.00 0.00 0.00 0.00 0.00
 %time 1676377487
 %usr 2.16 2.00 3.00 2.00 2.00 4.00 1.00 2.00 2.02 3.00 2.00 2.97 2.97 2.00 2.00 1.98 2.97 2.00 2.02 2.00 2.00 1.00 4.04 1.01 2.00 3.00 3.00 2.00 2.00 2.00 1.01 2.00 2.00
 %sys 97.84 98.00 97.00 98.00 98.00 96.00 99.00 98.00 97.98 97.00 98.00 97.03 97.03 98.00 98.00 98.02 97.03 98.00 97.98 98.00 98.00 99.00 95.96 98.99 98.00 97.00 97.00 98.00 98.00 98.00 98.99 98.00 98.00
 %gnice 0.00 0.00 0.00 0.00 0.00 0.00 0.00 0.00 0.00 0.00 0.00 0.00 0.00 0.00 0.00 0.00 0.00 0.00 0.00 0.00 0.00 0.00 0.00 0.00 0.00 0.00 0.00 0.00 0.00 0.00 0.00 0.00 0.00
 %time 1676377514
 %usr 2.16 2.97 1.98 2.00 3.00 2.00 2.00 2.97 2.00 1.01 7.00 2.00 2.00 3.00 1.00 2.00 2.00 2.00 2.00 2.00 2.00 2.00 3.00 2.00 1.00 2.02 2.97 2.02 1.98 2.00 1.01 1.01 1.98
 %sys 97.81 97.03 98.02 98.00 97.00 98.00 98.00 97.03 98.00 98.99 93.00 98.00 98.00 97.00 99.00 98.00 98.00 98.00 98.00 98.00 98.00 98.00 97.00 98.00 99.00 97.98 96.04 97.98 98.02 98.00 98.99 98.99 98.02
 %gnice 0.00 0.00 0.00 0.00 0.00 0.00 0.00 0.00 0.00 0.00 0.00 0.00 0.00 0.00 0.00 0.00 0.00 0.00 0.00 0.00 0.00 0.00 0.00 0.00 0.00 0.00 0.00 0.00 0.00 0.00 0.00 0.00 0.00
 %time 1676377541
 %usr 2.16 1.98 2.02 2.02 2.00 2.00 2.94 2.97 1.98 1.01 2.02 2.00 1.01 3.00 2.02 3.03 2.00 2.02 1.98 2.00 2.00 2.00 2.00 1.01 2.02 1.01 1.01 2.00 2.00 4.95 2.00 3.00 2.02
 %sys 97.69 97.03 97.98 97.98 98.00 98.00 96.08 96.04 98.02 98.99 97.98 98.00 98.99 97.00 97.98 96.97 98.00 97.98 97.03 98.00 98.00 98.00 98.00 98.99 97.98 98.99 98.99 98.00 98.00 94.06 98.00 97.00 97.98
 %gnice 0.00 0.00 0.00 0.00 0.00 0.00 0.00 0.00 0.00 0.00 0.00 0.00 0.00 0.00 0.00 0.00 0.00 0.00 0.00 0.00 0.00 0.00 0.00 0.00 0.00 0.00 0.00 0.00 0.00 0.00 0.00 0.00 0.00
 %time 1676377571
 %usr 2.12 2.00 2.00 2.02 1.01 3.00 1.00 2.00 1.00 1.98 2.00 2.00 2.02 2.00 2.00 2.00 1.98 7.07 0.99 2.00 2.00 3.00 2.00 1.01 1.98 3.00 2.00 2.00 1.00 2.00 2.00 2.00 2.00
 %sys 97.75 98.00 98.00 97.98 98.99 97.00 99.00 98.00 99.00 98.02 98.00 98.00 97.98 98.00 98.00 98.00 97.03 92.93 98.02 98.00 97.00 97.00 98.00 98.99 98.02 97.00 98.00 98.00 99.00 98.00 98.00 98.00 98.00
 %gnice 0.00 0.00 0.00 0.00 0.00 0.00 0.00 0.00 0.00 0.00 0.00 0.00 0.00 0.00 0.00 0.00 0.00 0.00 0.00 0.00 0.00 0.00 0.00 0.00 0.00 0.00 0.00 0.00 0.00 0.00 0.00 0.00 0.00
 %time 1676377595
 %usr 2.07 1.98 1.96 0.99 0.99 1.98 1.00 1.00 1.98 1.00 1.98 6.00 2.94 1.98 2.00 2.97 1.98 1.00 1.98 0.99 1.98 1.98 0.99 1.98 1.98 2.97 1.98 2.00 2.94 1.98 1.98 1.98 0.99
 %sys 97.93 98.02 98.04 99.01 99.01 98.02 99.00 99.00 98.02 99.00 98.02 94.00 97.06 98.02 98.00 97.03 98.02 99.00 98.02 99.01 98.02 98.02 99.01 98.02 98.02 97.03 98.02 98.00 97.06 98.02 98.02 98.02 99.01
 %gnice 0.00 0.00 0.00 0.00 0.00 0.00 0.00 0.00 0.00 0.00 0.00 0.00 0.00 0.00 0.00 0.00 0.00 0.00 0.00 0.00 0.00 0.00 0.00 0.00 0.00 0.00 0.00 0.00 0.00 0.00 0.00 0.00 0.00
 %time 1676377627
 %usr 2.14 2.00 1.98 1.98 1.98 1.96 2.97 2.97 1.98 2.00 2.94 1.98 1.98 1.00 2.94 1.98 1.00 1.98 1.98 2.94 1.98 1.00 2.00 1.00 1.00 1.96 2.00 1.00 5.94 2.97 1.96 2.97 1.98
 %sys 97.86 98.00 98.02 98.02 98.02 98.04 97.03 97.03 98.02 98.00 97.06 98.02 98.02 99.00 97.06 98.02 99.00 98.02 98.02 97.06 98.02 99.00 98.00 99.00 99.00 98.04 98.00 99.00 94.06 97.03 98.04 97.03 98.02
 %gnice 0.00 0.00 0.00 0.00 0.00 0.00 0.00 0.00 0.00 0.00 0.00 0.00 0.00 0.00 0.00 0.00 0.00 0.00 0.00 0.00 0.00 0.00 0.00 0.00 0.00 0.00 0.00 0.00 0.00 0.00 0.00 0.00 0.00
 %time 1676377656
 %usr 2.07 1.98 2.97 2.94 1.98 1.98 1.98 1.96 2.97 1.96 0.99 1.96 1.98 1.96 1.98 1.96 1.98 2.97 1.98 1.96 1.96 0.99 2.00 1.96 0.99 2.97 1.96 0.99 1.98 2.97 5.00 0.99 1.96
 %sys 97.93 98.02 97.03 97.06 98.02 98.02 98.02 98.04 97.03 98.04 99.01 98.04 98.02 98.04 98.02 98.04 98.02 97.03 98.02 98.04 98.04 99.01 98.00 98.04 99.01 97.03 98.04 99.01 98.02 97.03 95.00 99.01 98.04
 %gnice 0.00 0.00 0.00 0.00 0.00 0.00 0.00 0.00 0.00 0.00 0.00 0.00 0.00 0.00 0.00 0.00 0.00 0.00 0.00 0.00 0.00 0.00 0.00 0.00 0.00 0.00 0.00 0.00 0.00 0.00 0.00 0.00 0.00
 %time 1676377685
 %usr 2.12 1.98 2.00 2.97 2.97 2.00 2.00 7.00 3.00 2.00 3.00 3.00 2.00 2.00 2.00 3.00 2.00 1.00 2.00 2.00 2.97 1.01 2.97 2.00 2.00 2.00 1.00 1.00 1.00 2.00 2.00 1.98 2.02
 %sys 97.88 98.02 98.00 97.03 97.03 98.00 98.00 93.00 97.00 98.00 97.00 97.00 98.00 98.00 98.00 97.00 98.00 99.00 98.00 98.00 97.03 98.99 97.03 98.00 98.00 98.00 99.00 99.00 99.00 98.00 98.00 98.02 97.98
 %gnice 0.00 0.00 0.00 0.00 0.00 0.00 0.00 0.00 0.00 0.00 0.00 0.00 0.00 0.00 0.00 0.00 0.00 0.00 0.00 0.00 0.00 0.00 0.00 0.00 0.00 0.00 0.00 0.00 0.00 0.00 0.00 0.00 0.00
 %time 1676377714
 %usr 2.07 1.98 1.98 1.98 1.98 1.98 1.98 1.96 1.98 1.98 1.00 1.98 1.98 1.96 2.00 1.98 1.00 1.98 2.94 2.00 1.98 2.94 1.96 1.00 5.94 1.96 2.97 1.98 1.98 1.98 1.00 1.96 1.98
 %sys 97.93 98.02 98.02 98.02 98.02 98.02 98.02 98.04 98.02 98.02 99.00 98.02 98.02 98.04 98.00 98.02 99.00 98.02 97.06 98.00 98.02 97.06 98.04 99.00 94.06 98.04 97.03 98.02 98.02 98.02 99.00 98.04 98.02
 %gnice 0.00 0.00 0.00 0.00 0.00 0.00 0.00 0.00 0.00 0.00 0.00 0.00 0.00 0.00 0.00 0.00 0.00 0.00 0.00 0.00 0.00 0.00 0.00 0.00 0.00 0.00 0.00 0.00 0.00 0.00 0.00 0.00 0.00
 %time 1676377739
 %usr 2.14 1.98 1.96 2.00 2.94 1.00 1.00 1.98 1.98 2.00 1.98 1.98 1.00 1.98 2.00 2.97 2.00 1.96 1.96 2.00 0.99 2.94 1.98 1.98 1.00 7.00 2.00 2.97 1.96 1.96 2.00 4.95 2.00
 %sys 97.46 98.02 97.06 98.00 96.08 99.00 98.00 98.02 98.02 98.00 97.03 98.02 99.00 98.02 98.00 97.03 98.00 97.06 97.06 98.00 98.02 96.08 98.02 98.02 99.00 93.00 98.00 97.03 97.06 97.06 98.00 95.05 98.00
 %gnice 0.00 0.00 0.00 0.00 0.00 0.00 0.00 0.00 0.00 0.00 0.00 0.00 0.00 0.00 0.00 0.00 0.00 0.00 0.00 0.00 0.00 0.00 0.00 0.00 0.00 0.00 0.00 0.00 0.00 0.00 0.00 0.00 0.00
 %time 1676377770
 %usr 1.87 2.00 1.01 1.01 1.00 1.98 1.98 2.02 2.97 1.01 1.00 2.00 2.00 2.02 0.99 2.02 2.00 2.00 2.00 1.01 1.00 5.00 1.00 2.00 2.00 2.00 2.02 2.00 1.98 1.00 2.00 2.94 2.00
 %sys 97.50 98.00 97.98 97.98 98.00 97.03 97.03 97.98 96.04 98.99 99.00 98.00 97.00 97.98 98.02 97.98 98.00 97.00 98.00 97.98 98.00 94.00 98.00 97.00 98.00 98.00 97.98 98.00 97.03 98.00 98.00 96.08 98.00
 %gnice 0.00 0.00 0.00 0.00 0.00 0.00 0.00 0.00 0.00 0.00 0.00 0.00 0.00 0.00 0.00 0.00 0.00 0.00 0.00 0.00 0.00 0.00 0.00 0.00 0.00 0.00 0.00 0.00 0.00 0.00 0.00 0.00 0.00
 %time 1676377802
 %usr 2.16 2.00 2.02 2.00 1.00 3.00 7.00 2.97 2.97 2.00 1.01 2.00 2.00 1.98 2.02 2.00 2.00 3.00 2.00 2.00 1.01 1.01 2.00 1.00 3.00 2.00 2.97 2.02 2.00 2.00 1.00 2.00 1.00
 %sys 97.84 98.00 97.98 98.00 99.00 97.00 93.00 97.03 97.03 98.00 98.99 98.00 98.00 98.02 97.98 98.00 98.00 97.00 98.00 98.00 98.99 98.99 98.00 99.00 97.00 98.00 97.03 97.98 98.00 98.00 99.00 97.00 99.00
 %gnice 0.00 0.00 0.00 0.00 0.00 0.00 0.00 0.00 0.00 0.00 0.00 0.00 0.00 0.00 0.00 0.00 0.00 0.00 0.00 0.00 0.00 0.00 0.00 0.00 0.00 0.00 0.00 0.00 0.00 0.00 0.00 0.00 0.00
 %time 1676377827
 %usr 2.00 2.00 1.01 2.00 2.00 1.00 1.98 1.98 3.00 2.00 1.01 2.00 2.00 2.02 2.00 2.02 1.00 2.02 1.98 1.98 1.98 2.00 6.00 1.00 3.00 1.98 1.98 1.01 1.96 1.98 1.98 2.02 2.02
 %sys 97.50 97.00 98.99 97.00 98.00 98.00 97.03 97.03 97.00 97.00 98.99 97.00 98.00 97.98 97.00 97.98 99.00 97.98 97.03 97.03 97.03 98.00 93.00 98.00 97.00 98.02 97.03 98.99 97.06 97.03 97.03 97.98 97.98
 %gnice 0.00 0.00 0.00 0.00 0.00 0.00 0.00 0.00 0.00 0.00 0.00 0.00 0.00 0.00 0.00 0.00 0.00 0.00 0.00 0.00 0.00 0.00 0.00 0.00 0.00 0.00 0.00 0.00 0.00 0.00 0.00 0.00 0.00
 %time 1676377853
 %usr 1.98 1.00 1.98 1.98 1.98 1.98 4.95 1.98 1.98 2.00 2.00 1.98 1.98 1.96 1.98 1.98 2.97 1.96 1.98 1.00 1.98 1.98 1.98 1.98 0.99 1.00 1.98 1.98 1.98 2.97 1.00 1.98 0.00
 %sys 98.02 99.00 98.02 98.02 98.02 98.02 95.05 98.02 98.02 98.00 98.00 98.02 98.02 98.04 98.02 98.02 97.03 98.04 98.02 99.00 98.02 98.02 98.02 98.02 99.01 99.00 98.02 98.02 98.02 97.03 99.00 98.02 100.00
 %gnice 0.00 0.00 0.00 0.00 0.00 0.00 0.00 0.00 0.00 0.00 0.00 0.00 0.00 0.00 0.00 0.00 0.00 0.00 0.00 0.00 0.00 0.00 0.00 0.00 0.00 0.00 0.00 0.00 0.00 0.00 0.00 0.00 0.00
 %time 1676377879
 %usr 2.00 2.00 1.00 2.00 3.00 2.00 2.00 2.00 2.00 1.98 2.00 2.00 1.00 1.01 1.98 2.00 2.00 1.98 2.00 2.00 2.00 1.00 2.00 6.00 2.00 1.98 2.00 1.01 2.00 3.00 2.00 1.98 1.98
 %sys 98.00 98.00 99.00 98.00 97.00 98.00 98.00 98.00 98.00 98.02 98.00 98.00 99.00 98.99 98.02 98.00 98.00 98.02 98.00 98.00 98.00 99.00 98.00 94.00 98.00 98.02 98.00 98.99 98.00 97.00 98.00 98.02 98.02
 %gnice 0.00 0.00 0.00 0.00 0.00 0.00 0.00 0.00 0.00 0.00 0.00 0.00 0.00 0.00 0.00 0.00 0.00 0.00 0.00 0.00 0.00 0.00 0.00 0.00 0.00 0.00 0.00 0.00 0.00 0.00 0.00 0.00 0.00
 %time 1676377910
 %usr 2.12 2.00 1.01 2.00 1.98 2.00 2.00 2.00 1.98 2.00 2.00 2.00 3.00 1.01 1.01 2.00 2.00 2.00 2.00 2.00 2.02 2.00 1.98 1.01 2.00 3.00 2.00 1.98 7.92 2.00 1.98 2.00 2.00
 %sys 97.88 98.00 98.99 98.00 98.02 98.00 98.00 98.00 98.02 98.00 98.00 98.00 97.00 98.99 98.99 98.00 98.00 98.00 98.00 98.00 97.98 98.00 98.02 98.99 98.00 97.00 98.00 98.02 92.08 98.00 98.02 98.00 98.00
 %gnice 0.00 0.00 0.00 0.00 0.00 0.00 0.00 0.00 0.00 0.00 0.00 0.00 0.00 0.00 0.00 0.00 0.00 0.00 0.00 0.00 0.00 0.00 0.00 0.00 0.00 0.00 0.00 0.00 0.00 0.00 0.00 0.00 0.00
 %time 1676377940
 %usr 1.89 2.97 0.99 1.98 1.98 2.00 1.98 1.98 2.97 1.98 2.94 0.99 0.99 1.98 1.98 1.98 1.98 1.98 1.98 2.97 1.98 0.99 1.98 1.98 1.98 1.00 1.96 1.96 2.97 1.00 1.96 3.96 1.98
 %sys 97.99 97.03 99.01 98.02 98.02 98.00 98.02 98.02 97.03 98.02 97.06 97.03 99.01 98.02 98.02 98.02 98.02 98.02 98.02 97.03 98.02 99.01 98.02 98.02 98.02 99.00 98.04 95.10 97.03 99.00 98.04 96.04 98.02
 %gnice 0.00 0.00 0.00 0.00 0.00 0.00 0.00 0.00 0.00 0.00 0.00 0.00 0.00 0.00 0.00 0.00 0.00 0.00 0.00 0.00 0.00 0.00 0.00 0.00 0.00 0.00 0.00 0.00 0.00 0.00 0.00 0.00 0.00
 %time 1676377970
 %usr 2.09 1.98 1.98 2.00 1.00 3.00 2.00 1.00 1.98 1.98 2.97 3.00 1.98 2.00 2.00 1.00 1.00 2.00 1.98 1.98 2.00 2.00 1.98 1.01 2.00 2.97 2.00 2.00 2.00 2.02 2.97 1.98 6.00
 %sys 97.88 98.02 98.02 98.00 99.00 97.00 98.00 99.00 98.02 98.02 97.03 97.00 97.03 98.00 98.00 99.00 99.00 98.00 98.02 98.02 98.00 98.00 98.02 98.99 98.00 97.03 98.00 98.00 98.00 97.98 97.03 98.02 94.00
 %gnice 0.00 0.00 0.00 0.00 0.00 0.00 0.00 0.00 0.00 0.00 0.00 0.00 0.00 0.00 0.00 0.00 0.00 0.00 0.00 0.00 0.00 0.00 0.00 0.00 0.00 0.00 0.00 0.00 0.00 0.00 0.00 0.00 0.00
 %time 1676377996
 %usr 2.19 1.98 1.98 1.98 1.98 1.96 1.96 1.98 1.98 1.96 1.98 0.99 1.96 1.96 1.98 1.96 1.98 0.98 2.97 1.98 1.98 1.96 1.98 0.99 2.94 1.96 1.96 2.94 1.96 1.96 1.98 6.86 0.99
 %sys 97.81 98.02 98.02 98.02 98.02 98.04 98.04 98.02 98.02 98.04 98.02 99.01 98.04 98.04 98.02 98.04 98.02 99.02 97.03 98.02 98.02 98.04 98.02 99.01 97.06 98.04 98.04 97.06 98.04 98.04 98.02 93.14 99.01
 %gnice 0.00 0.00 0.00 0.00 0.00 0.00 0.00 0.00 0.00 0.00 0.00 0.00 0.00 0.00 0.00 0.00 0.00 0.00 0.00 0.00 0.00 0.00 0.00 0.00 0.00 0.00 0.00 0.00 0.00 0.00 0.00 0.00 0.00
 %time 1676378023
 %usr 2.12 2.00 1.01 1.98 2.97 2.00 2.00 2.02 2.00 2.00 1.01 1.98 1.98 2.00 2.00 2.00 2.00 1.00 1.98 2.00 6.06 2.97 2.00 2.00 1.98 3.00 2.00 1.01 2.00 2.00 1.01 2.02 2.00
 %sys 97.88 98.00 98.99 98.02 97.03 98.00 98.00 97.98 98.00 98.00 98.99 98.02 98.02 98.00 98.00 98.00 98.00 99.00 98.02 98.00 93.94 97.03 98.00 98.00 98.02 97.00 98.00 98.99 98.00 98.00 98.99 97.98 98.00
 %gnice 0.00 0.00 0.00 0.00 0.00 0.00 0.00 0.00 0.00 0.00 0.00 0.00 0.00 0.00 0.00 0.00 0.00 0.00 0.00 0.00 0.00 0.00 0.00 0.00 0.00 0.00 0.00 0.00 0.00 0.00 0.00 0.00 0.00
 %time 1676378051
 %usr 2.05 1.98 1.98 2.97 1.00 1.00 2.97 1.98 1.98 1.98 1.96 2.97 1.98 2.00 1.98 2.00 6.93 1.98 1.96 2.00 1.00 2.00 2.91 2.00 1.98 1.01 1.98 2.00 1.98 3.96 1.00 2.00 2.91
 %sys 97.80 98.02 98.02 97.03 99.00 98.00 97.03 98.02 98.02 98.02 97.06 97.03 98.02 98.00 98.02 98.00 93.07 98.02 97.06 98.00 99.00 98.00 96.12 98.00 98.02 98.99 98.02 98.00 98.02 96.04 99.00 98.00 96.12
 %gnice 0.00 0.00 0.00 0.00 0.00 0.00 0.00 0.00 0.00 0.00 0.00 0.00 0.00 0.00 0.00 0.00 0.00 0.00 0.00 0.00 0.00 0.00 0.00 0.00 0.00 0.00 0.00 0.00 0.00 0.00 0.00 0.00 0.00
 %time 1676378073
 %usr 2.05 1.98 1.98 1.98 1.98 1.00 1.98 3.00 2.97 1.00 1.98 2.00 1.98 1.98 1.98 2.00 2.97 1.98 2.97 1.98 0.99 1.98 1.00 1.98 2.97 2.00 1.98 2.00 2.97 1.98 4.95 1.98 1.00
 %sys 97.95 98.02 98.02 98.02 98.02 99.00 98.02 97.00 97.03 99.00 98.02 98.00 98.02 98.02 98.02 98.00 97.03 98.02 97.03 98.02 99.01 98.02 99.00 98.02 97.03 98.00 98.02 98.00 97.03 98.02 95.05 98.02 99.00
 %gnice 0.00 0.00 0.00 0.00 0.00 0.00 0.00 0.00 0.00 0.00 0.00 0.00 0.00 0.00 0.00 0.00 0.00 0.00 0.00 0.00 0.00 0.00 0.00 0.00 0.00 0.00 0.00 0.00 0.00 0.00 0.00 0.00 0.00
 %time 1676378097
 %usr 2.06 3.03 2.00 2.00 1.98 1.00 1.96 2.00 1.00 2.00 2.00 2.97 1.00 2.00 3.00 2.00 3.00 1.00 1.01 0.99 1.01 1.98 2.00 2.97 2.02 1.00 1.98 1.98 1.98 1.01 1.98 1.00 6.06
 %sys 97.29 96.97 98.00 98.00 97.03 99.00 97.06 97.00 98.00 97.00 97.00 96.04 98.00 97.00 96.00 97.00 97.00 99.00 98.99 98.02 98.99 97.03 97.00 97.03 97.98 98.00 97.03 97.03 97.03 97.98 97.03 98.00 92.93
 %gnice 0.00 0.00 0.00 0.00 0.00 0.00 0.00 0.00 0.00 0.00 0.00 0.00 0.00 0.00 0.00 0.00 0.00 0.00 0.00 0.00 0.00 0.00 0.00 0.00 0.00 0.00 0.00 0.00 0.00 0.00 0.00 0.00 0.00
 %time 1676378128
 %usr 2.09 2.00 2.00 3.00 1.00 2.00 2.00 1.00 2.00 2.00 6.00 2.00 1.00 2.00 2.00 2.00 2.00 2.00 2.00 2.00 2.00 1.00 2.00 2.00 2.97 2.00 2.00 2.00 2.00 2.00 2.02 2.00 2.00
 %sys 97.91 98.00 98.00 97.00 99.00 98.00 98.00 99.00 98.00 98.00 94.00 98.00 99.00 98.00 98.00 98.00 98.00 98.00 98.00 98.00 98.00 99.00 98.00 98.00 97.03 98.00 98.00 98.00 98.00 98.00 97.98 98.00 98.00
 %gnice 0.00 0.00 0.00 0.00 0.00 0.00 0.00 0.00 0.00 0.00 0.00 0.00 0.00 0.00 0.00 0.00 0.00 0.00 0.00 0.00 0.00 0.00 0.00 0.00 0.00 0.00 0.00 0.00 0.00 0.00 0.00 0.00 0.00
 %time 1676378158
 %usr 1.91 2.00 1.98 7.00 1.00 2.00 1.00 1.01 1.01 2.00 1.01 1.98 1.00 2.00 2.00 2.00 1.00 2.00 1.00 1.98 2.00 1.01 2.02 1.98 3.03 2.00 2.00 2.00 1.00 1.00 2.00 1.00 2.02
 %sys 98.09 98.00 98.02 93.00 99.00 98.00 99.00 98.99 98.99 98.00 98.99 98.02 99.00 98.00 98.00 98.00 99.00 98.00 99.00 98.02 98.00 98.99 97.98 98.02 96.97 98.00 98.00 98.00 99.00 99.00 98.00 99.00 97.98
 %gnice 0.00 0.00 0.00 0.00 0.00 0.00 0.00 0.00 0.00 0.00 0.00 0.00 0.00 0.00 0.00 0.00 0.00 0.00 0.00 0.00 0.00 0.00 0.00 0.00 0.00 0.00 0.00 0.00 0.00 0.00 0.00 0.00 0.00
 %time 1676378189
 %usr 2.12 2.02 3.00 8.00 2.00 2.00 3.00 1.01 2.02 1.98 1.01 2.00 2.00 1.01 2.02 2.00 2.00 2.00 1.98 2.00 1.00 1.00 1.01 2.00 1.01 2.00 2.00 2.00 3.00 2.00 2.97 2.00 3.00
 %sys 97.88 97.98 97.00 92.00 98.00 98.00 97.00 98.99 97.98 98.02 98.99 98.00 98.00 98.99 97.98 98.00 98.00 98.00 98.02 98.00 99.00 99.00 98.99 98.00 98.99 98.00 98.00 98.00 97.00 98.00 97.03 98.00 97.00
 %gnice 0.00 0.00 0.00 0.00 0.00 0.00 0.00 0.00 0.00 0.00 0.00 0.00 0.00 0.00 0.00 0.00 0.00 0.00 0.00 0.00 0.00 0.00 0.00 0.00 0.00 0.00 0.00 0.00 0.00 0.00 0.00 0.00 0.00
 %time 1676378211
 %usr 2.17 2.00 1.00 1.98 1.98 2.97 2.94 5.94 1.98 2.97 2.00 3.00 1.00 3.00 1.98 1.98 2.97 1.98 1.98 2.00 2.00 0.99 2.00 2.00 1.98 2.97 1.00 1.98 2.00 1.98 2.00 1.98 1.00
 %sys 97.83 98.00 99.00 98.02 98.02 97.03 97.06 94.06 98.02 97.03 98.00 97.00 99.00 97.00 98.02 98.02 97.03 98.02 98.02 98.00 98.00 99.01 98.00 98.00 98.02 97.03 99.00 98.02 98.00 98.02 98.00 98.02 99.00
 %gnice 0.00 0.00 0.00 0.00 0.00 0.00 0.00 0.00 0.00 0.00 0.00 0.00 0.00 0.00 0.00 0.00 0.00 0.00 0.00 0.00 0.00 0.00 0.00 0.00 0.00 0.00 0.00 0.00 0.00 0.00 0.00 0.00 0.00
 %time 1676378239
 %usr 2.08 1.98 2.00 1.00 1.98 1.00 1.98 6.93 2.94 1.98 1.98 2.00 1.00 1.98 1.00 1.98 1.98 2.00 1.00 1.98 2.00 1.98 1.98 1.98 2.94 2.00 2.97 1.98 1.96 1.98 1.98 1.98 1.00
 %sys 97.92 98.02 98.00 99.00 98.02 99.00 98.02 93.07 97.06 98.02 98.02 98.00 99.00 98.02 99.00 98.02 98.02 98.00 99.00 98.02 98.00 98.02 98.02 98.02 97.06 98.00 97.03 98.02 98.04 98.02 98.02 98.02 99.00
 %gnice 0.00 0.00 0.00 0.00 0.00 0.00 0.00 0.00 0.00 0.00 0.00 0.00 0.00 0.00 0.00 0.00 0.00 0.00 0.00 0.00 0.00 0.00 0.00 0.00 0.00 0.00 0.00 0.00 0.00 0.00 0.00 0.00 0.00
 %time 1676378269
 %usr 1.94 1.01 2.00 1.00 2.00 1.00 6.06 1.98 1.00 1.01 2.00 1.00 2.00 2.00 2.00 2.00 2.00 2.00 3.00 2.02 2.00 2.00 1.00 2.00 2.00 3.00 2.00 2.00 2.00 2.00 2.00 1.01 1.01
 %sys 98.06 98.99 98.00 99.00 98.00 99.00 93.94 98.02 99.00 98.99 98.00 99.00 98.00 98.00 98.00 98.00 98.00 98.00 97.00 97.98 98.00 98.00 99.00 98.00 98.00 97.00 98.00 98.00 98.00 98.00 98.00 98.99 98.99
 %gnice 0.00 0.00 0.00 0.00 0.00 0.00 0.00 0.00 0.00 0.00 0.00 0.00 0.00 0.00 0.00 0.00 0.00 0.00 0.00 0.00 0.00 0.00 0.00 0.00 0.00 0.00 0.00 0.00 0.00 0.00 0.00 0.00 0.00
 %time 1676378298
 %usr 2.11 1.98 0.99 0.99 2.00 2.00 1.98 1.98 2.94 2.00 1.96 1.98 2.97 1.98 1.98 3.00 1.98 1.98 3.96 1.96 1.98 2.94 1.98 1.00 1.98 1.00 2.97 1.98 0.99 3.00 1.98 1.98 1.00
 %sys 97.89 98.02 99.01 99.01 98.00 98.00 98.02 98.02 97.06 98.00 98.04 98.02 97.03 98.02 98.02 97.00 98.02 98.02 96.04 98.04 98.02 97.06 98.02 99.00 98.02 99.00 97.03 98.02 99.01 97.00 98.02 98.02 99.00
 %gnice 0.00 0.00 0.00 0.00 0.00 0.00 0.00 0.00 0.00 0.00 0.00 0.00 0.00 0.00 0.00 0.00 0.00 0.00 0.00 0.00 0.00 0.00 0.00 0.00 0.00 0.00 0.00 0.00 0.00 0.00 0.00 0.00 0.00
 %time 1676378327
 %usr 1.98 2.97 1.98 1.98 7.92 0.99 1.98 0.99 2.94 1.96 1.98 1.98 0.99 1.98 2.97 0.99 0.99 1.98 2.00 2.94 2.94 1.98 1.98 1.00 1.00 1.98 1.00 2.00 1.00 1.98 2.94 0.99 1.98
 %sys 98.02 97.03 98.02 98.02 92.08 99.01 98.02 99.01 97.06 98.04 98.02 98.02 99.01 98.02 97.03 99.01 99.01 98.02 98.00 97.06 97.06 98.02 98.02 99.00 99.00 98.02 99.00 98.00 99.00 98.02 97.06 99.01 98.02
 %gnice 0.00 0.00 0.00 0.00 0.00 0.00 0.00 0.00 0.00 0.00 0.00 0.00 0.00 0.00 0.00 0.00 0.00 0.00 0.00 0.00 0.00 0.00 0.00 0.00 0.00 0.00 0.00 0.00 0.00 0.00 0.00 0.00 0.00
 %time 1676378355
 %usr 2.09 1.98 1.01 2.00 6.93 1.00 2.00 3.00 2.00 2.97 2.00 1.00 2.02 1.98 2.00 2.00 2.02 2.00 1.98 2.00 2.00 2.00 1.00 1.00 1.00 2.00 2.00 2.00 2.00 2.02 1.98 2.00 1.98
 %sys 97.91 98.02 98.99 98.00 93.07 99.00 98.00 97.00 98.00 97.03 98.00 99.00 97.98 98.02 98.00 98.00 97.98 98.00 98.02 98.00 98.00 98.00 99.00 99.00 99.00 98.00 98.00 98.00 98.00 97.98 98.02 98.00 98.02
 %gnice 0.00 0.00 0.00 0.00 0.00 0.00 0.00 0.00 0.00 0.00 0.00 0.00 0.00 0.00 0.00 0.00 0.00 0.00 0.00 0.00 0.00 0.00 0.00 0.00 0.00 0.00 0.00 0.00 0.00 0.00 0.00 0.00 0.00
 %time 1676378388
 %usr 2.03 2.02 2.00 3.00 2.00 1.00 2.00 1.98 2.00 2.00 1.98 1.00 2.97 6.06 3.00 1.98 1.01 1.98 1.00 2.00 2.00 1.98 2.00 2.00 3.00 1.00 1.01 1.01 1.00 1.98 2.00 2.00 1.98
 %sys 97.97 97.98 98.00 97.00 98.00 99.00 98.00 98.02 98.00 98.00 98.02 99.00 97.03 93.94 97.00 98.02 98.99 98.02 99.00 98.00 98.00 98.02 98.00 98.00 97.00 99.00 98.99 98.99 99.00 98.02 98.00 98.00 98.02
 %gnice 0.00 0.00 0.00 0.00 0.00 0.00 0.00 0.00 0.00 0.00 0.00 0.00 0.00 0.00 0.00 0.00 0.00 0.00 0.00 0.00 0.00 0.00 0.00 0.00 0.00 0.00 0.00 0.00 0.00 0.00 0.00 0.00 0.00
 %time 1676378412
 %usr 2.09 2.97 2.00 1.01 1.01 2.00 2.97 2.02 2.00 6.06 1.01 3.00 1.00 1.00 1.00 1.98 1.00 3.00 1.98 3.00 1.98 1.98 2.00 3.00 3.00 1.00 1.98 2.97 2.00 1.00 1.00 2.00 2.97
 %sys 97.91 97.03 98.00 98.99 98.99 98.00 97.03 97.98 98.00 93.94 98.99 97.00 99.00 99.00 99.00 98.02 99.00 97.00 98.02 97.00 98.02 98.02 98.00 97.00 97.00 99.00 98.02 97.03 98.00 99.00 99.00 98.00 97.03
 %gnice 0.00 0.00 0.00 0.00 0.00 0.00 0.00 0.00 0.00 0.00 0.00 0.00 0.00 0.00 0.00 0.00 0.00 0.00 0.00 0.00 0.00 0.00 0.00 0.00 0.00 0.00 0.00 0.00 0.00 0.00 0.00 0.00 0.00
 %time 1676378439
 %usr 2.03 2.00 2.00 2.02 3.00 2.00 2.02 2.02 3.00 2.00 2.00 2.00 2.00 1.98 1.00 1.00 1.98 2.00 3.00 0.99 0.99 2.00 2.97 3.00 1.01 1.98 2.00 2.00 0.99 2.97 1.00 1.98 6.00
 %sys 97.32 98.00 97.00 97.98 97.00 97.00 97.98 97.98 97.00 98.00 98.00 97.00 97.00 97.03 98.00 98.00 97.03 98.00 97.00 98.02 98.02 98.00 96.04 97.00 98.99 97.03 97.00 97.00 98.02 96.04 98.00 97.03 93.00
 %gnice 0.00 0.00 0.00 0.00 0.00 0.00 0.00 0.00 0.00 0.00 0.00 0.00 0.00 0.00 0.00 0.00 0.00 0.00 0.00 0.00 0.00 0.00 0.00 0.00 0.00 0.00 0.00 0.00 0.00 0.00 0.00 0.00 0.00
 %time 1676378461
 %usr 2.06 2.00 1.00 1.00 2.97 2.00 1.98 1.01 2.02 3.00 1.00 2.00 1.00 1.98 2.00 1.00 1.00 2.00 1.01 2.00 2.97 2.02 1.00 2.00 2.00 2.00 2.00 1.00 2.00 2.02 2.00 2.00 7.00
 %sys 97.94 98.00 99.00 99.00 97.03 98.00 98.02 98.99 97.98 97.00 99.00 98.00 99.00 97.03 98.00 99.00 99.00 98.00 98.99 98.00 97.03 97.98 99.00 98.00 98.00 98.00 98.00 99.00 98.00 97.98 98.00 98.00 93.00
 %gnice 0.00 0.00 0.00 0.00 0.00 0.00 0.00 0.00 0.00 0.00 0.00 0.00 0.00 0.00 0.00 0.00 0.00 0.00 0.00 0.00 0.00 0.00 0.00 0.00 0.00 0.00 0.00 0.00 0.00 0.00 0.00 0.00 0.00
 %time 1676378487
 %usr 2.09 1.98 0.99 1.98 1.01 2.00 1.98 1.00 1.98 2.00 3.00 1.98 2.00 1.98 1.98 2.02 2.00 2.02 1.98 3.00 2.02 1.98 2.00 2.02 2.00 2.02 1.01 2.97 2.00 2.00 2.00 2.97 6.93
 %sys 97.69 98.02 98.02 98.02 98.99 98.00 98.02 99.00 97.03 98.00 97.00 97.03 98.00 98.02 97.03 97.98 97.00 97.98 97.03 97.00 97.98 97.03 98.00 97.98 98.00 97.98 98.99 97.03 98.00 98.00 98.00 97.03 93.07
 %gnice 0.00 0.00 0.00 0.00 0.00 0.00 0.00 0.00 0.00 0.00 0.00 0.00 0.00 0.00 0.00 0.00 0.00 0.00 0.00 0.00 0.00 0.00 0.00 0.00 0.00 0.00 0.00 0.00 0.00 0.00 0.00 0.00 0.00
 %time 1676378516
 %usr 2.03 1.00 1.01 1.01 2.00 2.02 2.00 2.00 3.00 1.00 1.00 2.00 2.00 7.07 2.00 2.00 2.00 1.01 2.00 1.01 2.00 2.00 1.98 2.00 2.00 1.01 1.00 1.01 2.00 2.97 1.98 2.00 1.98
 %sys 97.94 99.00 98.99 98.99 98.00 97.98 98.00 98.00 97.00 99.00 99.00 98.00 98.00 92.93 98.00 98.00 98.00 98.99 98.00 98.99 98.00 98.00 98.02 98.00 98.00 98.99 99.00 98.99 98.00 97.03 98.02 98.00 98.02
 %gnice 0.00 0.00 0.00 0.00 0.00 0.00 0.00 0.00 0.00 0.00 0.00 0.00 0.00 0.00 0.00 0.00 0.00 0.00 0.00 0.00 0.00 0.00 0.00 0.00 0.00 0.00 0.00 0.00 0.00 0.00 0.00 0.00 0.00
 %time 1676378544
 %usr 2.03 2.00 2.00 1.98 1.00 1.98 1.00 0.00 2.02 3.00 3.00 2.00 2.00 6.00 2.00 2.00 1.98 1.98 1.00 2.97 2.00 3.00 2.00 3.00 2.00 2.00 2.00 2.00 1.00 2.00 2.00 1.00 2.00
 %sys 97.97 98.00 98.00 98.02 99.00 98.02 98.00 100.00 97.98 97.00 97.00 98.00 98.00 94.00 98.00 98.00 98.02 98.02 99.00 97.03 98.00 97.00 98.00 97.00 98.00 98.00 98.00 98.00 99.00 98.00 98.00 99.00 98.00
 %gnice 0.00 0.00 0.00 0.00 0.00 0.00 0.00 0.00 0.00 0.00 0.00 0.00 0.00 0.00 0.00 0.00 0.00 0.00 0.00 0.00 0.00 0.00 0.00 0.00 0.00 0.00 0.00 0.00 0.00 0.00 0.00 0.00 0.00
 %time 1676378572
 %usr 2.09 1.00 1.98 2.00 1.00 2.00 2.00 2.00 2.00 2.00 1.01 3.00 1.01 2.00 2.00 2.00 1.00 3.00 2.00 2.00 2.00 1.00 3.00 1.98 2.97 2.00 2.00 2.97 1.98 6.00 2.00 2.00 2.00
 %sys 97.91 99.00 98.02 98.00 99.00 98.00 98.00 98.00 98.00 98.00 98.99 97.00 98.99 98.00 98.00 98.00 99.00 97.00 98.00 98.00 98.00 99.00 97.00 98.02 97.03 98.00 98.00 97.03 98.02 94.00 98.00 98.00 98.00
 %gnice 0.00 0.00 0.00 0.00 0.00 0.00 0.00 0.00 0.00 0.00 0.00 0.00 0.00 0.00 0.00 0.00 0.00 0.00 0.00 0.00 0.00 0.00 0.00 0.00 0.00 0.00 0.00 0.00 0.00 0.00 0.00 0.00 0.00
 %time 1676378603
 %usr 1.84 1.01 1.00 2.00 2.00 1.00 2.00 1.98 3.00 2.00 1.01 2.97 2.97 2.00 3.00 2.00 2.00 1.00 2.00 2.00 2.02 2.00 2.00 2.00 1.00 1.01 1.00 1.00 2.00 2.00 2.00 1.00 1.01
 %sys 98.16 98.99 99.00 98.00 98.00 99.00 98.00 98.02 97.00 98.00 98.99 97.03 97.03 98.00 97.00 98.00 98.00 99.00 98.00 98.00 97.98 98.00 98.00 98.00 99.00 98.99 99.00 99.00 98.00 98.00 98.00 99.00 98.99
 %gnice 0.00 0.00 0.00 0.00 0.00 0.00 0.00 0.00 0.00 0.00 0.00 0.00 0.00 0.00 0.00 0.00 0.00 0.00 0.00 0.00 0.00 0.00 0.00 0.00 0.00 0.00 0.00 0.00 0.00 0.00 0.00 0.00 0.00
 %time 1676378633
 %usr 1.87 1.96 1.96 2.00 1.98 1.98 0.99 1.96 1.98 1.00 2.00 1.01 2.94 3.00 1.98 0.99 1.96 1.98 1.98 1.98 1.98 2.00 2.00 1.98 2.00 2.02 2.00 2.00 2.00 1.98 1.01 2.00 2.00
 %sys 97.70 97.06 97.06 98.00 97.03 97.03 98.02 97.06 97.03 99.00 98.00 98.99 96.08 97.00 98.02 98.02 97.06 97.03 97.03 97.03 97.03 98.00 98.00 97.03 98.00 97.98 97.00 98.00 98.00 98.02 98.99 98.00 98.00
 %gnice 0.00 0.00 0.00 0.00 0.00 0.00 0.00 0.00 0.00 0.00 0.00 0.00 0.00 0.00 0.00 0.00 0.00 0.00 0.00 0.00 0.00 0.00 0.00 0.00 0.00 0.00 0.00 0.00 0.00 0.00 0.00 0.00 0.00
 %time 1676378663
 %usr 2.07 1.94 1.94 1.94 0.98 3.92 0.97 1.94 1.94 1.92 1.94 1.94 1.96 1.94 1.94 0.98 1.96 1.92 0.98 1.96 3.88 1.92 1.96 2.91 2.91 1.96 1.96 1.94 1.94 1.94 1.94 1.94 2.88
 %sys 97.93 98.06 98.06 98.06 99.02 96.08 99.03 98.06 98.06 98.08 98.06 98.06 98.04 98.06 98.06 99.02 98.04 98.08 99.02 98.04 96.12 98.08 98.04 97.09 97.09 98.04 98.04 98.06 98.06 98.06 98.06 98.06 97.12
 %gnice 0.00 0.00 0.00 0.00 0.00 0.00 0.00 0.00 0.00 0.00 0.00 0.00 0.00 0.00 0.00 0.00 0.00 0.00 0.00 0.00 0.00 0.00 0.00 0.00 0.00 0.00 0.00 0.00 0.00 0.00 0.00 0.00 0.00
 %time 1676378691
 %usr 2.14 1.98 1.98 0.99 1.96 1.98 0.99 1.98 1.98 0.99 2.97 2.00 1.98 2.97 2.00 2.00 1.98 1.98 0.99 2.94 1.98 1.98 1.96 2.00 2.00 0.99 1.00 2.00 1.00 1.98 4.00 1.98 5.88
 %sys 97.86 98.02 98.02 99.01 98.04 98.02 99.01 98.02 98.02 99.01 97.03 98.00 98.02 97.03 98.00 98.00 98.02 98.02 99.01 97.06 98.02 98.02 98.04 98.00 98.00 99.01 99.00 98.00 99.00 98.02 96.00 98.02 94.12
 %gnice 0.00 0.00 0.00 0.00 0.00 0.00 0.00 0.00 0.00 0.00 0.00 0.00 0.00 0.00 0.00 0.00 0.00 0.00 0.00 0.00 0.00 0.00 0.00 0.00 0.00 0.00 0.00 0.00 0.00 0.00 0.00 0.00 0.00
 %time 1676378713
 %usr 1.97 1.00 2.02 3.00 2.97 2.00 3.00 1.01 1.00 2.00 3.00 1.01 2.00 2.97 2.00 2.00 2.00 2.00 2.00 2.00 2.02 3.00 1.00 1.98 2.00 1.00 2.00 2.00 2.00 3.00 2.97 1.00 2.00
 %sys 98.03 99.00 97.98 97.00 97.03 98.00 97.00 98.99 99.00 98.00 97.00 98.99 98.00 97.03 98.00 98.00 98.00 98.00 98.00 98.00 97.98 97.00 99.00 98.02 98.00 99.00 98.00 98.00 98.00 97.00 97.03 99.00 98.00
 %gnice 0.00 0.00 0.00 0.00 0.00 0.00 0.00 0.00 0.00 0.00 0.00 0.00 0.00 0.00 0.00 0.00 0.00 0.00 0.00 0.00 0.00 0.00 0.00 0.00 0.00 0.00 0.00 0.00 0.00 0.00 0.00 0.00 0.00
 %time 1676378742
 %usr 2.42 1.98 1.98 2.97 0.99 2.00 1.98 1.00 1.98 1.98 1.98 2.00 1.98 1.98 2.97 2.94 7.92 2.97 1.98 1.98 1.98 1.00 2.00 1.98 2.00 1.00 2.00 1.96 1.98 2.97 1.98 2.00 7.92
 %sys 97.58 98.02 98.02 97.03 99.01 98.00 98.02 99.00 98.02 98.02 98.02 98.00 98.02 98.02 97.03 97.06 92.08 97.03 98.02 98.02 98.02 99.00 98.00 98.02 98.00 99.00 98.00 98.04 98.02 97.03 98.02 98.00 92.08
 %gnice 0.00 0.00 0.00 0.00 0.00 0.00 0.00 0.00 0.00 0.00 0.00 0.00 0.00 0.00 0.00 0.00 0.00 0.00 0.00 0.00 0.00 0.00 0.00 0.00 0.00 0.00 0.00 0.00 0.00 0.00 0.00 0.00 0.00
 %time 1676378769
 %usr 2.19 2.00 2.00 2.00 2.02 2.00 2.97 2.00 2.00 3.00 2.00 1.98 1.00 2.00 3.00 1.00 3.00 2.02 2.00 2.00 2.02 2.00 2.00 2.00 2.00 2.00 1.00 2.00 1.98 2.97 1.00 1.00 5.00
 %sys 97.81 98.00 98.00 98.00 97.98 98.00 97.03 98.00 98.00 97.00 98.00 98.02 99.00 98.00 97.00 99.00 97.00 97.98 98.00 98.00 97.98 98.00 98.00 98.00 98.00 98.00 99.00 98.00 98.02 97.03 99.00 99.00 95.00
 %gnice 0.00 0.00 0.00 0.00 0.00 0.00 0.00 0.00 0.00 0.00 0.00 0.00 0.00 0.00 0.00 0.00 0.00 0.00 0.00 0.00 0.00 0.00 0.00 0.00 0.00 0.00 0.00 0.00 0.00 0.00 0.00 0.00 0.00
 %time 1676378798
 %usr 2.00 2.97 2.00 1.01 2.97 1.98 2.00 2.00 2.00 1.01 1.01 1.01 2.00 2.00 2.97 1.01 5.00 1.00 1.01 2.00 2.00 1.01 1.98 2.00 3.00 2.00 1.00 2.02 1.01 2.00 2.97 2.02 3.00
 %sys 97.78 97.03 97.00 98.99 96.04 97.03 98.00 98.00 98.00 98.99 98.99 98.99 98.00 98.00 97.03 98.99 95.00 99.00 98.99 98.00 98.00 98.99 98.02 98.00 97.00 98.00 98.00 97.98 98.99 98.00 97.03 97.98 97.00
 %gnice 0.00 0.00 0.00 0.00 0.00 0.00 0.00 0.00 0.00 0.00 0.00 0.00 0.00 0.00 0.00 0.00 0.00 0.00 0.00 0.00 0.00 0.00 0.00 0.00 0.00 0.00 0.00 0.00 0.00 0.00 0.00 0.00 0.00
 %time 1676378823
 %usr 2.00 2.00 3.00 2.00 1.01 2.00 2.00 2.00 1.00 2.00 1.01 2.00 2.00 4.00 4.00 2.00 1.01 2.00 1.01 2.00 1.98 2.00 2.02 2.00 2.00 1.00 1.00 2.02 1.01 3.00 1.00 1.01 2.00
 %sys 98.00 98.00 97.00 98.00 98.99 98.00 98.00 98.00 99.00 98.00 98.99 98.00 98.00 96.00 96.00 98.00 98.99 98.00 98.99 98.00 98.02 98.00 97.98 98.00 98.00 99.00 99.00 97.98 98.99 97.00 99.00 98.99 98.00
 %gnice 0.00 0.00 0.00 0.00 0.00 0.00 0.00 0.00 0.00 0.00 0.00 0.00 0.00 0.00 0.00 0.00 0.00 0.00 0.00 0.00 0.00 0.00 0.00 0.00 0.00 0.00 0.00 0.00 0.00 0.00 0.00 0.00 0.00
 %time 1676378844
 %usr 2.28 2.00 2.97 1.00 11.00 2.00 4.00 3.00 2.00 1.00 2.00 2.02 1.98 2.00 3.00 1.00 1.01 1.00 2.00 1.01 6.00 2.00 1.98 1.01 1.98 2.97 1.00 2.00 0.99 2.00 1.01 1.00 1.00
 %sys 97.72 98.00 97.03 99.00 89.00 98.00 96.00 97.00 98.00 99.00 98.00 97.98 98.02 98.00 97.00 99.00 98.99 99.00 98.00 98.99 94.00 98.00 98.02 98.99 98.02 97.03 99.00 98.00 99.01 98.00 98.99 99.00 99.00
 %gnice 0.00 0.00 0.00 0.00 0.00 0.00 0.00 0.00 0.00 0.00 0.00 0.00 0.00 0.00 0.00 0.00 0.00 0.00 0.00 0.00 0.00 0.00 0.00 0.00 0.00 0.00 0.00 0.00 0.00 0.00 0.00 0.00 0.00
 %time 1676378874
 %usr 2.25 2.00 1.98 10.89 2.00 4.00 1.00 1.01 2.00 2.00 2.97 2.00 1.00 1.01 2.00 2.00 2.02 2.00 3.00 2.02 2.00 1.98 1.01 2.97 2.02 2.00 1.98 1.01 2.00 3.00 2.02 1.00 2.00
 %sys 97.75 98.00 98.02 89.11 98.00 96.00 99.00 98.99 98.00 98.00 97.03 98.00 99.00 98.99 98.00 98.00 97.98 98.00 97.00 97.98 98.00 98.02 98.99 97.03 97.98 98.00 98.02 98.99 98.00 97.00 97.98 99.00 98.00
 %gnice 0.00 0.00 0.00 0.00 0.00 0.00 0.00 0.00 0.00 0.00 0.00 0.00 0.00 0.00 0.00 0.00 0.00 0.00 0.00 0.00 0.00 0.00 0.00 0.00 0.00 0.00 0.00 0.00 0.00 0.00 0.00 0.00 0.00
 %time 1676378900
 %usr 2.20 1.00 0.99 2.00 5.94 2.97 3.96 1.00 2.94 2.97 1.98 2.97 2.97 1.96 1.98 1.98 1.98 2.94 1.00 0.99 2.97 1.98 2.94 0.99 1.98 1.96 2.00 1.96 0.99 1.98 1.00 1.98 1.98
 %sys 97.71 99.00 99.01 98.00 94.06 97.03 96.04 99.00 97.06 97.03 98.02 97.03 97.03 98.04 98.02 98.02 98.02 97.06 99.00 99.01 97.03 98.02 97.06 99.01 96.04 98.04 98.00 98.04 99.01 98.02 99.00 98.02 98.02
 %gnice 0.00 0.00 0.00 0.00 0.00 0.00 0.00 0.00 0.00 0.00 0.00 0.00 0.00 0.00 0.00 0.00 0.00 0.00 0.00 0.00 0.00 0.00 0.00 0.00 0.00 0.00 0.00 0.00 0.00 0.00 0.00 0.00 0.00
 %time 1676378932
 %usr 5.25 4.00 2.00 3.00 2.00 1.01 31.00 2.97 15.00 2.00 5.00 1.98 1.98 3.00 2.00 2.00 2.02 2.02 2.00 1.98 2.00 1.01 28.00 3.00 6.00 2.02 27.27 2.00 2.00 2.02 1.00 2.00 2.00
 %sys 94.72 95.00 98.00 97.00 98.00 98.99 69.00 97.03 85.00 98.00 95.00 98.02 98.02 97.00 98.00 98.00 97.98 97.98 98.00 98.02 98.00 98.99 72.00 97.00 94.00 97.98 72.73 98.00 98.00 97.98 99.00 98.00 98.00
 %gnice 0.00 0.00 0.00 0.00 0.00 0.00 0.00 0.00 0.00 0.00 0.00 0.00 0.00 0.00 0.00 0.00 0.00 0.00 0.00 0.00 0.00 0.00 0.00 0.00 0.00 0.00 0.00 0.00 0.00 0.00 0.00 0.00 0.00
 %time 1676378959
 %usr 2.90 2.00 2.02 2.00 1.00 2.97 2.00 3.00 14.00 2.00 2.00 2.00 3.00 2.00 1.00 2.02 2.00 1.98 1.00 2.00 2.97 3.00 1.98 1.01 14.00 3.96 3.00 2.00 2.02 1.00 2.97 1.00 2.00
 %sys 97.10 98.00 97.98 98.00 99.00 97.03 98.00 97.00 86.00 98.00 98.00 98.00 97.00 98.00 99.00 97.98 98.00 98.02 99.00 98.00 97.03 97.00 98.02 98.99 86.00 96.04 97.00 98.00 97.98 99.00 97.03 99.00 98.00
 %gnice 0.00 0.00 0.00 0.00 0.00 0.00 0.00 0.00 0.00 0.00 0.00 0.00 0.00 0.00 0.00 0.00 0.00 0.00 0.00 0.00 0.00 0.00 0.00 0.00 0.00 0.00 0.00 0.00 0.00 0.00 0.00 0.00 0.00
 %time 1676378982
 %usr 5.11 1.96 19.00 7.92 2.00 3.00 1.00 2.00 34.00 1.00 2.00 2.97 2.00 1.98 1.98 2.97 2.00 1.98 14.00 6.00 2.97 3.00 1.98 2.00 31.00 2.00 2.97 3.00 1.00 1.98 2.00 1.98 1.98
 %sys 94.80 97.06 81.00 92.08 98.00 97.00 99.00 98.00 66.00 99.00 98.00 97.03 98.00 98.02 98.02 97.03 98.00 98.02 86.00 94.00 97.03 97.00 98.02 98.00 67.00 98.00 97.03 97.00 99.00 98.02 98.00 98.02 98.02
 %gnice 0.00 0.00 0.00 0.00 0.00 0.00 0.00 0.00 0.00 0.00 0.00 0.00 0.00 0.00 0.00 0.00 0.00 0.00 0.00 0.00 0.00 0.00 0.00 0.00 0.00 0.00 0.00 0.00 0.00 0.00 0.00 0.00 0.00
 %time 1676379012
 %usr 8.37 81.19 2.97 2.02 6.00 2.00 2.00 2.00 27.72 2.97 1.98 3.00 2.00 3.00 2.00 1.00 1.01 72.28 1.98 2.00 9.00 2.00 2.00 2.97 17.00 2.00 3.00 2.97 2.00 2.97 2.00 1.01 2.00
 %sys 91.54 17.82 97.03 97.98 94.00 98.00 98.00 98.00 72.28 97.03 98.02 97.00 98.00 97.00 98.00 99.00 98.99 27.72 98.02 98.00 91.00 98.00 98.00 97.03 81.00 98.00 97.00 97.03 98.00 97.03 98.00 98.99 98.00
 %gnice 0.00 0.00 0.00 0.00 0.00 0.00 0.00 0.00 0.00 0.00 0.00 0.00 0.00 0.00 0.00 0.00 0.00 0.00 0.00 0.00 0.00 0.00 0.00 0.00 0.00 0.00 0.00 0.00 0.00 0.00 0.00 0.00 0.00
 %time 1676379034
 %usr 2.11 1.00 1.00 1.98 1.00 2.91 1.98 1.98 1.98 1.98 2.00 1.98 2.97 1.98 1.96 0.99 1.98 8.82 1.98 1.00 1.98 1.96 2.00 2.97 3.00 1.96 1.98 1.96 1.00 1.98 2.97 1.00 1.98
 %sys 97.68 99.00 98.00 97.03 99.00 96.12 98.02 98.02 98.02 98.02 98.00 97.03 97.03 98.02 97.06 98.02 98.02 90.20 98.02 99.00 98.02 98.04 98.00 97.03 97.00 98.04 98.02 97.06 99.00 97.03 97.03 99.00 98.02
 %gnice 0.00 0.00 0.00 0.00 0.00 0.00 0.00 0.00 0.00 0.00 0.00 0.00 0.00 0.00 0.00 0.00 0.00 0.00 0.00 0.00 0.00 0.00 0.00 0.00 0.00 0.00 0.00 0.00 0.00 0.00 0.00 0.00 0.00
 %time 1676379062
 %usr 2.03 1.98 2.00 1.98 2.00 2.00 2.00 2.00 2.00 2.00 1.00 2.00 2.00 2.00 1.00 1.00 1.98 3.00 1.98 3.00 2.97 2.00 1.98 4.00 2.00 2.00 2.00 2.00 1.01 2.00 1.00 1.00 1.00
 %sys 97.94 97.03 98.00 98.02 98.00 98.00 98.00 98.00 98.00 98.00 99.00 98.00 98.00 98.00 99.00 99.00 98.02 97.00 98.02 97.00 97.03 98.00 98.02 96.00 98.00 98.00 98.00 98.00 98.99 98.00 99.00 99.00 99.00
 %gnice 0.00 0.00 0.00 0.00 0.00 0.00 0.00 0.00 0.00 0.00 0.00 0.00 0.00 0.00 0.00 0.00 0.00 0.00 0.00 0.00 0.00 0.00 0.00 0.00 0.00 0.00 0.00 0.00 0.00 0.00 0.00 0.00 0.00
 %time 1676379090
 %usr 2.19 1.00 1.00 2.00 2.00 2.00 1.01 1.00 5.05 1.98 2.02 1.01 1.01 2.97 1.00 2.00 2.00 1.00 2.00 2.00 2.97 1.00 2.00 6.00 5.00 1.98 3.00 2.00 2.00 3.00 2.00 2.00 2.00
 %sys 97.72 98.00 99.00 98.00 98.00 98.00 98.99 99.00 94.95 98.02 97.98 98.99 98.99 97.03 99.00 98.00 98.00 99.00 98.00 98.00 97.03 99.00 98.00 94.00 94.00 98.02 97.00 98.00 98.00 97.00 98.00 98.00 98.00
 %gnice 0.00 0.00 0.00 0.00 0.00 0.00 0.00 0.00 0.00 0.00 0.00 0.00 0.00 0.00 0.00 0.00 0.00 0.00 0.00 0.00 0.00 0.00 0.00 0.00 0.00 0.00 0.00 0.00 0.00 0.00 0.00 0.00 0.00
 %time 1676379116
 %usr 1.99 5.94 1.00 1.98 1.98 3.00 1.00 1.00 2.00 2.00 1.98 1.00 2.00 1.98 2.00 1.98 1.96 2.97 1.98 2.00 1.98 1.96 1.98 2.00 3.00 2.00 1.96 1.98 1.00 1.01 1.00 2.00 1.98
 %sys 97.64 93.07 99.00 97.03 97.03 97.00 99.00 99.00 98.00 98.00 98.02 99.00 98.00 98.02 98.00 98.02 97.06 97.03 97.03 98.00 98.02 97.06 98.02 98.00 96.00 98.00 97.06 97.03 98.00 98.99 99.00 98.00 98.02
 %gnice 0.00 0.00 0.00 0.00 0.00 0.00 0.00 0.00 0.00 0.00 0.00 0.00 0.00 0.00 0.00 0.00 0.00 0.00 0.00 0.00 0.00 0.00 0.00 0.00 0.00 0.00 0.00 0.00 0.00 0.00 0.00 0.00 0.00
 %time 1676379142
 %usr 6.53 2.94 2.00 6.00 2.97 5.00 44.00 17.65 6.93 2.97 2.00 2.00 1.00 2.00 1.98 1.98 2.00 3.96 1.00 1.01 1.01 2.02 56.44 19.80 0.99 2.97 1.98 1.98 2.00 2.00 2.02 1.00 2.97
 %sys 93.37 96.08 98.00 94.00 97.03 95.00 56.00 81.37 93.07 97.03 98.00 98.00 99.00 98.00 98.02 98.02 98.00 96.04 99.00 98.99 98.99 97.98 43.56 80.20 97.03 97.03 98.02 98.02 98.00 98.00 97.98 99.00 97.03
 %gnice 0.00 0.00 0.00 0.00 0.00 0.00 0.00 0.00 0.00 0.00 0.00 0.00 0.00 0.00 0.00 0.00 0.00 0.00 0.00 0.00 0.00 0.00 0.00 0.00 0.00 0.00 0.00 0.00 0.00 0.00 0.00 0.00 0.00
 %time 1676379166
 %usr 2.97 2.02 1.00 1.98 2.97 2.00 9.00 1.00 9.00 1.01 3.00 1.00 2.00 2.00 2.00 2.00 2.00 1.98 2.00 2.00 2.00 2.00 2.00 2.00 17.82 2.00 2.00 2.00 1.98 2.97 2.02 2.00 2.00
 %sys 97.00 97.98 99.00 97.03 97.03 98.00 91.00 99.00 91.00 98.99 97.00 99.00 98.00 98.00 98.00 98.00 98.00 98.02 98.00 98.00 98.00 98.00 98.00 98.00 81.19 98.00 98.00 98.00 98.02 97.03 97.98 98.00 98.00
 %gnice 0.00 0.00 0.00 0.00 0.00 0.00 0.00 0.00 0.00 0.00 0.00 0.00 0.00 0.00 0.00 0.00 0.00 0.00 0.00 0.00 0.00 0.00 0.00 0.00 0.00 0.00 0.00 0.00 0.00 0.00 0.00 0.00 0.00
 %time 1676379195
 %usr 2.21 2.00 1.01 0.99 1.98 1.98 2.00 1.98 1.98 4.95 1.00 2.00 2.97 2.00 2.00 1.98 2.00 2.97 2.00 1.98 1.00 1.98 2.00 1.98 2.00 4.00 2.97 2.00 1.98 2.00 2.00 4.00 3.00
 %sys 97.73 98.00 98.99 99.01 98.02 98.02 98.00 98.02 98.02 95.05 99.00 98.00 97.03 98.00 98.00 98.02 98.00 97.03 98.00 98.02 99.00 98.02 98.00 98.02 98.00 96.00 97.03 98.00 98.02 98.00 98.00 96.00 97.00
 %gnice 0.00 0.00 0.00 0.00 0.00 0.00 0.00 0.00 0.00 0.00 0.00 0.00 0.00 0.00 0.00 0.00 0.00 0.00 0.00 0.00 0.00 0.00 0.00 0.00 0.00 0.00 0.00 0.00 0.00 0.00 0.00 0.00 0.00
 %time 1676379224
 %usr 2.65 6.00 1.00 1.96 2.00 3.00 2.00 1.98 6.00 1.00 1.01 2.00 2.00 2.00 2.97 2.00 3.00 6.00 1.00 2.00 2.00 2.00 1.98 1.01 13.00 2.00 2.00 2.00 2.00 1.00 1.98 1.00 3.00
 %sys 97.32 93.00 99.00 97.06 98.00 97.00 98.00 98.02 94.00 99.00 98.99 98.00 98.00 98.00 97.03 98.00 97.00 94.00 99.00 98.00 98.00 98.00 98.02 98.99 87.00 98.00 98.00 98.00 98.00 99.00 98.02 99.00 97.00
 %gnice 0.00 0.00 0.00 0.00 0.00 0.00 0.00 0.00 0.00 0.00 0.00 0.00 0.00 0.00 0.00 0.00 0.00 0.00 0.00 0.00 0.00 0.00 0.00 0.00 0.00 0.00 0.00 0.00 0.00 0.00 0.00 0.00 0.00
 %time 1676379251
 %usr 8.43 29.70 7.92 1.98 6.93 1.98 7.00 1.00 68.32 1.98 2.00 1.98 1.98 2.97 2.00 1.98 1.98 21.78 23.53 1.00 2.94 1.98 5.94 2.97 50.00 2.97 2.94 2.97 2.94 2.00 1.98 1.96 1.98
 %sys 91.48 70.30 92.08 97.03 93.07 98.02 93.00 99.00 31.68 98.02 98.00 98.02 98.02 97.03 98.00 98.02 98.02 78.22 76.47 99.00 97.06 98.02 94.06 97.03 48.00 97.03 97.06 97.03 97.06 98.00 98.02 98.04 98.02
 %gnice 0.00 0.00 0.00 0.00 0.00 0.00 0.00 0.00 0.00 0.00 0.00 0.00 0.00 0.00 0.00 0.00 0.00 0.00 0.00 0.00 0.00 0.00 0.00 0.00 0.00 0.00 0.00 0.00 0.00 0.00 0.00 0.00 0.00
 %time 1676379281
 %usr 8.27 36.27 1.96 18.00 12.00 2.00 5.00 20.79 5.94 2.00 1.98 1.98 1.98 1.98 1.98 1.98 2.00 36.00 1.98 33.00 8.91 2.94 2.97 39.22 3.92 0.99 1.00 1.98 2.97 1.98 2.00 2.97 0.99
 %sys 91.54 61.76 98.04 82.00 88.00 98.00 95.00 79.21 93.07 98.00 98.02 98.02 98.02 98.02 98.02 98.02 98.00 64.00 98.02 67.00 91.09 97.06 97.03 59.80 94.12 99.01 99.00 98.02 97.03 98.02 98.00 97.03 99.01
 %gnice 0.00 0.00 0.00 0.00 0.00 0.00 0.00 0.00 0.00 0.00 0.00 0.00 0.00 0.00 0.00 0.00 0.00 0.00 0.00 0.00 0.00 0.00 0.00 0.00 0.00 0.00 0.00 0.00 0.00 0.00 0.00 0.00 0.00
 %time 1676379309
 %usr 2.47 1.00 2.02 2.02 5.00 2.00 6.00 2.00 5.00 3.00 2.02 1.98 2.00 2.00 1.00 2.00 2.00 1.00 3.00 2.97 1.98 3.00 1.00 2.00 6.00 3.00 2.00 3.00 2.00 1.00 2.00 2.00 1.01
 %sys 97.47 98.00 97.98 97.98 95.00 98.00 94.00 98.00 95.00 97.00 97.98 98.02 98.00 98.00 99.00 98.00 98.00 99.00 97.00 97.03 98.02 97.00 99.00 98.00 93.00 97.00 98.00 97.00 98.00 99.00 98.00 98.00 98.99
 %gnice 0.00 0.00 0.00 0.00 0.00 0.00 0.00 0.00 0.00 0.00 0.00 0.00 0.00 0.00 0.00 0.00 0.00 0.00 0.00 0.00 0.00 0.00 0.00 0.00 0.00 0.00 0.00 0.00 0.00 0.00 0.00 0.00 0.00
 %time 1676379334
 %usr 4.45 2.97 2.00 1.98 2.00 7.00 2.00 6.00 3.96 2.97 17.82 1.00 2.00 3.96 1.00 2.00 2.00 2.97 2.97 2.97 2.00 9.90 1.00 2.00 14.14 2.97 21.78 2.00 3.00 7.92 3.96 1.98 3.00
 %sys 95.46 97.03 98.00 98.02 98.00 93.00 98.00 94.00 96.04 97.03 82.18 99.00 98.00 96.04 99.00 98.00 98.00 97.03 97.03 97.03 98.00 90.10 99.00 98.00 84.85 97.03 78.22 98.00 97.00 92.08 96.04 98.02 97.00
 %gnice 0.00 0.00 0.00 0.00 0.00 0.00 0.00 0.00 0.00 0.00 0.00 0.00 0.00 0.00 0.00 0.00 0.00 0.00 0.00 0.00 0.00 0.00 0.00 0.00 0.00 0.00 0.00 0.00 0.00 0.00 0.00 0.00 0.00
 %time 1676379361
 %usr 7.12 27.00 1.98 21.00 1.98 1.98 4.00 1.00 41.00 2.00 1.98 3.03 2.00 2.00 3.00 2.00 3.00 25.74 1.98 30.30 2.00 2.00 1.01 2.97 27.72 2.97 2.00 1.98 0.99 2.00 1.98 1.00 2.00
 %sys 92.41 73.00 97.03 78.00 98.02 98.02 96.00 99.00 58.00 98.00 97.03 96.97 98.00 98.00 97.00 98.00 96.00 73.27 97.03 69.70 98.00 97.00 98.99 96.04 70.30 96.04 97.00 97.03 98.02 98.00 98.02 99.00 98.00
 %gnice 0.00 0.00 0.00 0.00 0.00 0.00 0.00 0.00 0.00 0.00 0.00 0.00 0.00 0.00 0.00 0.00 0.00 0.00 0.00 0.00 0.00 0.00 0.00 0.00 0.00 0.00 0.00 0.00 0.00 0.00 0.00 0.00 0.00
 %time 1676379383
 %usr 2.43 4.08 1.01 4.00 1.00 2.00 2.00 1.98 1.01 1.98 1.00 2.94 1.98 1.00 2.00 2.00 1.98 6.93 1.00 8.08 1.98 0.99 3.00 1.00 4.95 2.00 1.01 1.98 2.00 3.00 1.00 2.00 1.98
 %sys 97.23 95.92 98.99 96.00 99.00 98.00 98.00 98.02 98.99 98.02 99.00 96.08 97.03 98.00 98.00 98.00 97.03 93.07 99.00 91.92 97.03 98.02 97.00 99.00 93.07 98.00 98.99 97.03 98.00 97.00 99.00 98.00 97.03
 %gnice 0.00 0.00 0.00 0.00 0.00 0.00 0.00 0.00 0.00 0.00 0.00 0.00 0.00 0.00 0.00 0.00 0.00 0.00 0.00 0.00 0.00 0.00 0.00 0.00 0.00 0.00 0.00 0.00 0.00 0.00 0.00 0.00 0.00
 %time 1676379407
 %usr 2.59 3.03 2.00 2.02 2.00 2.00 2.00 2.00 2.97 1.98 2.00 2.00 2.00 2.00 2.02 2.00 2.00 2.00 1.00 2.02 3.00 2.00 2.00 2.00 18.00 2.00 2.02 1.00 2.00 3.03 1.00 2.00 1.00
 %sys 97.28 96.97 98.00 97.98 98.00 98.00 98.00 97.00 97.03 98.02 98.00 98.00 98.00 98.00 97.98 98.00 98.00 98.00 99.00 97.98 97.00 98.00 98.00 98.00 80.00 98.00 97.98 99.00 98.00 96.97 99.00 98.00 99.00
 %gnice 0.00 0.00 0.00 0.00 0.00 0.00 0.00 0.00 0.00 0.00 0.00 0.00 0.00 0.00 0.00 0.00 0.00 0.00 0.00 0.00 0.00 0.00 0.00 0.00 0.00 0.00 0.00 0.00 0.00 0.00 0.00 0.00 0.00
 %time 1676379433
 %usr 9.09 77.78 26.00 2.00 3.00 2.00 1.01 2.00 14.00 1.00 2.00 2.00 2.00 2.00 2.97 2.00 3.00 68.00 45.00 2.00 3.00 2.00 1.01 2.02 7.00 2.00 2.00 2.00 2.00 2.00 1.01 2.00 2.02
 %sys 90.69 21.21 74.00 97.00 97.00 98.00 98.99 98.00 86.00 99.00 98.00 98.00 98.00 98.00 97.03 98.00 97.00 31.00 55.00 98.00 97.00 98.00 98.99 97.98 90.00 98.00 98.00 98.00 98.00 98.00 98.99 98.00 97.98
 %gnice 0.00 0.00 0.00 0.00 0.00 0.00 0.00 0.00 0.00 0.00 0.00 0.00 0.00 0.00 0.00 0.00 0.00 0.00 0.00 0.00 0.00 0.00 0.00 0.00 0.00 0.00 0.00 0.00 0.00 0.00 0.00 0.00 0.00
 %time 1676379460
 %usr 7.56 37.00 2.97 5.00 1.98 2.00 22.77 37.00 18.81 1.98 1.01 2.00 3.00 2.00 2.97 1.01 2.00 16.16 1.98 2.97 2.00 2.00 5.00 41.00 9.90 2.00 1.98 2.02 3.00 2.00 2.02 1.00 2.00
 %sys 92.29 62.00 97.03 95.00 97.03 98.00 77.23 63.00 81.19 97.03 98.99 98.00 97.00 98.00 97.03 98.99 98.00 83.84 97.03 96.04 98.00 98.00 95.00 59.00 88.12 98.00 98.02 97.98 97.00 98.00 97.98 99.00 98.00
 %gnice 0.00 0.00 0.00 0.00 0.00 0.00 0.00 0.00 0.00 0.00 0.00 0.00 0.00 0.00 0.00 0.00 0.00 0.00 0.00 0.00 0.00 0.00 0.00 0.00 0.00 0.00 0.00 0.00 0.00 0.00 0.00 0.00 0.00
 %time 1676379487
 %usr 2.68 2.00 2.00 8.91 2.00 1.98 2.00 2.00 1.98 2.00 3.00 1.98 2.00 2.00 1.00 2.00 1.98 2.00 2.00 13.13 1.01 3.00 2.00 1.00 4.95 1.98 2.97 2.97 1.98 3.00 2.97 2.00 3.00
 %sys 97.26 98.00 98.00 91.09 98.00 98.02 98.00 98.00 98.02 98.00 97.00 98.02 98.00 98.00 99.00 98.00 98.02 98.00 98.00 86.87 98.99 97.00 98.00 99.00 93.07 98.02 97.03 97.03 98.02 97.00 97.03 98.00 97.00
 %gnice 0.00 0.00 0.00 0.00 0.00 0.00 0.00 0.00 0.00 0.00 0.00 0.00 0.00 0.00 0.00 0.00 0.00 0.00 0.00 0.00 0.00 0.00 0.00 0.00 0.00 0.00 0.00 0.00 0.00 0.00 0.00 0.00 0.00
 %time 1676379514
 %usr 2.09 2.02 2.00 2.00 1.00 3.96 1.98 2.00 2.00 2.00 2.00 2.00 2.00 1.98 1.01 2.00 2.00 2.97 1.00 3.00 2.00 3.00 3.00 2.00 3.96 2.00 2.00 2.00 2.00 2.00 2.00 3.00 2.00
 %sys 97.88 97.98 98.00 98.00 99.00 96.04 98.02 98.00 98.00 98.00 98.00 98.00 98.00 98.02 98.99 98.00 98.00 97.03 99.00 97.00 98.00 97.00 97.00 98.00 95.05 98.00 98.00 98.00 98.00 98.00 98.00 97.00 98.00
 %gnice 0.00 0.00 0.00 0.00 0.00 0.00 0.00 0.00 0.00 0.00 0.00 0.00 0.00 0.00 0.00 0.00 0.00 0.00 0.00 0.00 0.00 0.00 0.00 0.00 0.00 0.00 0.00 0.00 0.00 0.00 0.00 0.00 0.00
 %time 1676379539
 %usr 2.53 1.98 2.97 1.00 1.98 2.00 2.02 2.02 12.87 1.98 1.98 1.01 2.00 2.00 2.02 0.99 2.02 1.01 2.00 2.02 2.00 1.98 2.00 2.00 10.89 2.00 2.02 2.97 0.99 1.00 2.00 2.02 2.02
 %sys 96.85 97.03 97.03 98.00 97.03 98.00 97.98 97.98 86.14 97.03 97.03 98.99 97.00 97.00 97.98 98.02 97.98 98.99 98.00 97.98 97.00 97.03 97.00 98.00 87.13 98.00 97.98 97.03 98.02 98.00 97.00 97.98 97.98
 %gnice 0.00 0.00 0.00 0.00 0.00 0.00 0.00 0.00 0.00 0.00 0.00 0.00 0.00 0.00 0.00 0.00 0.00 0.00 0.00 0.00 0.00 0.00 0.00 0.00 0.00 0.00 0.00 0.00 0.00 0.00 0.00 0.00 0.00
 %time 1676379563
 %usr 7.59 62.00 3.00 3.00 8.00 2.00 11.00 26.73 2.00 2.97 1.01 2.97 2.02 3.00 2.97 2.00 1.01 36.63 3.00 7.00 2.97 2.97 18.18 13.00 11.11 2.00 1.98 2.00 2.02 2.00 2.00 2.97 2.00
 %sys 92.31 38.00 97.00 96.00 92.00 98.00 89.00 73.27 98.00 97.03 98.99 97.03 97.98 97.00 97.03 98.00 98.99 63.37 97.00 93.00 97.03 97.03 81.82 87.00 87.88 98.00 98.02 98.00 97.98 98.00 98.00 97.03 98.00
 %gnice 0.00 0.00 0.00 0.00 0.00 0.00 0.00 0.00 0.00 0.00 0.00 0.00 0.00 0.00 0.00 0.00 0.00 0.00 0.00 0.00 0.00 0.00 0.00 0.00 0.00 0.00 0.00 0.00 0.00 0.00 0.00 0.00 0.00
 %time 1676379589
 %usr 2.06 4.00 1.01 1.00 2.00 2.00 1.98 2.00 2.00 1.98 2.02 1.01 2.00 1.00 1.98 2.00 2.02 3.03 2.00 1.01 2.97 2.00 2.00 1.00 1.01 2.00 2.97 1.98 2.02 1.01 2.02 2.02 3.00
 %sys 97.91 95.00 98.99 99.00 98.00 98.00 98.02 98.00 98.00 97.03 97.98 98.99 98.00 99.00 98.02 98.00 97.98 96.97 98.00 98.99 97.03 98.00 98.00 99.00 98.99 98.00 97.03 98.02 97.98 98.99 97.98 97.98 97.00
 %gnice 0.00 0.00 0.00 0.00 0.00 0.00 0.00 0.00 0.00 0.00 0.00 0.00 0.00 0.00 0.00 0.00 0.00 0.00 0.00 0.00 0.00 0.00 0.00 0.00 0.00 0.00 0.00 0.00 0.00 0.00 0.00 0.00 0.00
 %time 1676379619
 %usr 2.06 6.00 1.00 1.01 2.00 2.00 1.01 2.00 2.00 1.00 1.00 3.00 1.98 1.98 2.00 2.00 2.00 3.00 1.01 1.98 2.00 2.00 2.00 1.00 5.05 2.00 2.00 1.01 1.98 1.01 2.97 2.00 2.00
 %sys 97.84 94.00 99.00 98.99 98.00 98.00 98.99 98.00 98.00 99.00 99.00 97.00 98.02 98.02 98.00 98.00 98.00 97.00 98.99 98.02 98.00 98.00 98.00 99.00 93.94 98.00 98.00 98.99 98.02 98.99 97.03 98.00 98.00
 %gnice 0.00 0.00 0.00 0.00 0.00 0.00 0.00 0.00 0.00 0.00 0.00 0.00 0.00 0.00 0.00 0.00 0.00 0.00 0.00 0.00 0.00 0.00 0.00 0.00 0.00 0.00 0.00 0.00 0.00 0.00 0.00 0.00 0.00
 %time 1676379644
 %usr 2.31 2.00 2.97 1.98 2.00 1.00 2.00 1.01 3.00 2.02 2.00 2.00 1.01 2.00 2.02 2.02 1.01 3.92 1.01 9.00 1.98 3.00 1.01 1.01 4.04 1.98 2.00 2.02 1.01 3.00 2.97 2.00 1.98
 %sys 97.47 97.00 97.03 97.03 98.00 99.00 98.00 98.99 97.00 97.98 98.00 98.00 98.99 98.00 97.98 97.98 98.99 95.10 98.99 91.00 97.03 96.00 98.99 98.99 94.95 97.03 98.00 97.98 98.99 97.00 97.03 98.00 97.03
 %gnice 0.00 0.00 0.00 0.00 0.00 0.00 0.00 0.00 0.00 0.00 0.00 0.00 0.00 0.00 0.00 0.00 0.00 0.00 0.00 0.00 0.00 0.00 0.00 0.00 0.00 0.00 0.00 0.00 0.00 0.00 0.00 0.00 0.00
 %time 1676379675
 %usr 2.12 2.00 2.00 2.00 1.01 1.98 2.97 1.00 2.00 1.98 2.97 1.98 2.00 2.00 2.02 2.00 2.00 6.00 2.02 2.00 2.00 2.00 1.98 1.00 5.94 2.00 1.00 2.00 2.00 1.00 2.00 1.00 2.97
 %sys 97.78 97.00 98.00 98.00 98.99 98.02 97.03 99.00 98.00 98.02 97.03 98.02 98.00 98.00 97.98 98.00 98.00 94.00 97.98 98.00 98.00 98.00 98.02 99.00 92.08 98.00 99.00 98.00 98.00 99.00 98.00 99.00 97.03
 %gnice 0.00 0.00 0.00 0.00 0.00 0.00 0.00 0.00 0.00 0.00 0.00 0.00 0.00 0.00 0.00 0.00 0.00 0.00 0.00 0.00 0.00 0.00 0.00 0.00 0.00 0.00 0.00 0.00 0.00 0.00 0.00 0.00 0.00
 %time 1676379706
 %usr 2.87 2.00 2.00 3.00 2.02 1.98 6.06 2.00 2.00 2.00 2.00 2.97 3.00 2.00 1.00 3.00 2.00 14.00 2.00 2.00 1.00 1.01 7.00 3.00 6.00 2.97 2.00 1.01 1.01 2.00 2.00 2.00 1.98
 %sys 97.13 98.00 98.00 97.00 97.98 98.02 93.94 98.00 98.00 98.00 98.00 97.03 97.00 98.00 99.00 97.00 98.00 86.00 98.00 98.00 99.00 98.99 93.00 97.00 94.00 97.03 98.00 98.99 98.99 98.00 98.00 98.00 98.02
 %gnice 0.00 0.00 0.00 0.00 0.00 0.00 0.00 0.00 0.00 0.00 0.00 0.00 0.00 0.00 0.00 0.00 0.00 0.00 0.00 0.00 0.00 0.00 0.00 0.00 0.00 0.00 0.00 0.00 0.00 0.00 0.00 0.00 0.00
 %time 1676379732
 %usr 2.19 2.97 1.01 2.02 1.00 2.02 2.00 2.00 6.06 2.02 2.00 2.00 1.98 2.00 2.00 2.97 1.01 1.01 1.98 2.00 1.00 2.00 2.00 3.00 4.04 2.00 2.00 2.02 1.00 1.98 1.00 2.00 2.00
 %sys 97.75 96.04 98.99 97.98 99.00 97.98 98.00 98.00 93.94 97.98 98.00 98.00 98.02 98.00 98.00 97.03 98.99 98.99 98.02 98.00 99.00 98.00 98.00 97.00 94.95 98.00 98.00 97.98 99.00 98.02 99.00 98.00 98.00
 %gnice 0.00 0.00 0.00 0.00 0.00 0.00 0.00 0.00 0.00 0.00 0.00 0.00 0.00 0.00 0.00 0.00 0.00 0.00 0.00 0.00 0.00 0.00 0.00 0.00 0.00 0.00 0.00 0.00 0.00 0.00 0.00 0.00 0.00
 %time 1676379761
 %usr 1.99 5.00 1.98 2.97 2.00 1.98 1.96 2.00 2.00 1.00 1.98 1.00 1.98 3.96 1.98 1.98 2.97 1.00 1.98 2.00 2.00 2.00 1.00 2.00 2.97 2.00 1.98 2.94 2.00 3.00 2.97 1.98 1.01
 %sys 98.01 94.00 98.02 97.03 98.00 98.02 98.04 98.00 98.00 99.00 98.02 99.00 98.02 96.04 98.02 98.02 97.03 99.00 98.02 98.00 98.00 98.00 99.00 98.00 97.03 98.00 98.02 97.06 98.00 97.00 97.03 98.02 98.99
 %gnice 0.00 0.00 0.00 0.00 0.00 0.00 0.00 0.00 0.00 0.00 0.00 0.00 0.00 0.00 0.00 0.00 0.00 0.00 0.00 0.00 0.00 0.00 0.00 0.00 0.00 0.00 0.00 0.00 0.00 0.00 0.00 0.00 0.00
 %time 1676379784
 %usr 9.75 2.97 4.00 4.00 1.00 92.00 17.00 2.97 8.00 2.00 2.02 2.00 3.96 3.00 3.00 3.00 2.00 1.98 3.96 2.00 4.00 90.00 13.00 6.93 23.76 2.02 2.97 1.01 2.00 2.00 2.97 3.00 2.00
 %sys 90.10 97.03 96.00 96.00 99.00 8.00 83.00 96.04 92.00 98.00 97.98 98.00 96.04 97.00 97.00 97.00 98.00 98.02 96.04 98.00 96.00 10.00 87.00 93.07 73.27 97.98 97.03 98.99 98.00 98.00 97.03 97.00 98.00
 %gnice 0.00 0.00 0.00 0.00 0.00 0.00 0.00 0.00 0.00 0.00 0.00 0.00 0.00 0.00 0.00 0.00 0.00 0.00 0.00 0.00 0.00 0.00 0.00 0.00 0.00 0.00 0.00 0.00 0.00 0.00 0.00 0.00 0.00
 %time 1676379811
 %usr 2.53 2.02 1.01 2.00 2.00 2.00 1.98 6.06 2.02 2.00 1.98 2.00 2.02 2.00 2.00 2.00 1.00 2.97 2.00 2.02 1.01 2.00 3.00 15.00 5.05 1.00 1.01 2.00 2.02 2.00 2.00 1.00 3.00
 %sys 97.38 97.98 98.99 98.00 98.00 98.00 98.02 93.94 97.98 98.00 98.02 98.00 97.98 98.00 98.00 98.00 99.00 97.03 98.00 97.98 98.99 98.00 97.00 85.00 93.94 99.00 98.99 98.00 97.98 98.00 98.00 99.00 97.00
 %gnice 0.00 0.00 0.00 0.00 0.00 0.00 0.00 0.00 0.00 0.00 0.00 0.00 0.00 0.00 0.00 0.00 0.00 0.00 0.00 0.00 0.00 0.00 0.00 0.00 0.00 0.00 0.00 0.00 0.00 0.00 0.00 0.00 0.00
 %time 1676379835
 %usr 2.03 1.98 3.92 2.97 1.98 0.99 0.99 1.96 3.92 2.94 1.96 1.96 2.94 1.98 1.96 1.96 1.98 1.96 1.98 2.94 2.97 1.98 0.99 1.98 1.96 0.99 1.98 1.98 1.96 1.96 1.96 1.96 0.99
 %sys 97.93 98.02 96.08 97.03 98.02 99.01 99.01 98.04 96.08 97.06 98.04 98.04 97.06 98.02 98.04 98.04 98.02 98.04 98.02 97.06 97.03 98.02 99.01 98.02 97.06 99.01 98.02 98.02 98.04 98.04 98.04 98.04 99.01
 %gnice 0.00 0.00 0.00 0.00 0.00 0.00 0.00 0.00 0.00 0.00 0.00 0.00 0.00 0.00 0.00 0.00 0.00 0.00 0.00 0.00 0.00 0.00 0.00 0.00 0.00 0.00 0.00 0.00 0.00 0.00 0.00 0.00 0.00
 %time 1676379858
 %usr 7.59 75.00 2.00 2.00 4.95 2.97 1.01 3.00 18.00 2.97 2.00 3.00 1.98 2.00 1.01 1.01 2.97 70.00 2.00 2.00 1.98 1.01 2.97 2.00 19.00 2.00 2.00 2.97 1.01 2.00 2.00 3.00 1.00
 %sys 92.35 25.00 98.00 97.00 95.05 97.03 98.99 97.00 82.00 97.03 98.00 97.00 98.02 98.00 98.99 98.99 97.03 30.00 98.00 98.00 98.02 98.99 97.03 98.00 80.00 98.00 98.00 97.03 98.99 98.00 98.00 97.00 99.00
 %gnice 0.00 0.00 0.00 0.00 0.00 0.00 0.00 0.00 0.00 0.00 0.00 0.00 0.00 0.00 0.00 0.00 0.00 0.00 0.00 0.00 0.00 0.00 0.00 0.00 0.00 0.00 0.00 0.00 0.00 0.00 0.00 0.00 0.00
 %time 1676379885
 %usr 8.38 72.73 2.02 15.00 3.96 1.98 2.02 1.98 4.00 2.00 2.97 3.00 2.97 2.00 2.00 2.97 3.00 81.19 2.00 28.00 3.00 1.01 1.98 2.00 8.08 3.00 2.02 2.00 2.00 2.97 2.97 3.00 1.00
 %sys 91.53 27.27 97.98 85.00 96.04 97.03 97.98 98.02 96.00 98.00 97.03 97.00 97.03 98.00 98.00 97.03 97.00 18.81 98.00 72.00 97.00 98.99 98.02 98.00 90.91 97.00 97.98 98.00 98.00 97.03 97.03 97.00 99.00
 %gnice 0.00 0.00 0.00 0.00 0.00 0.00 0.00 0.00 0.00 0.00 0.00 0.00 0.00 0.00 0.00 0.00 0.00 0.00 0.00 0.00 0.00 0.00 0.00 0.00 0.00 0.00 0.00 0.00 0.00 0.00 0.00 0.00 0.00
 %time 1676379915
 %usr 2.37 5.94 2.97 2.97 1.01 2.00 1.98 2.97 2.02 1.98 2.97 2.00 2.00 2.97 1.01 3.00 3.00 1.98 2.00 2.00 1.98 2.00 2.00 2.97 7.92 2.00 2.00 2.97 1.00 2.00 1.98 1.98 1.98
 %sys 97.56 93.07 97.03 97.03 98.99 98.00 98.02 96.04 97.98 98.02 97.03 98.00 98.00 97.03 98.99 97.00 97.00 98.02 98.00 98.00 98.02 98.00 98.00 97.03 90.10 98.00 98.00 97.03 99.00 98.00 98.02 98.02 98.02
 %gnice 0.00 0.00 0.00 0.00 0.00 0.00 0.00 0.00 0.00 0.00 0.00 0.00 0.00 0.00 0.00 0.00 0.00 0.00 0.00 0.00 0.00 0.00 0.00 0.00 0.00 0.00 0.00 0.00 0.00 0.00 0.00 0.00 0.00
 %time 1676379946
 %usr 2.55 1.98 1.98 7.00 1.98 3.00 2.00 1.00 3.00 2.00 2.00 3.00 2.00 1.98 1.00 2.97 1.00 2.00 2.00 4.00 2.97 3.03 1.98 2.00 9.00 1.01 2.97 1.98 2.00 2.00 0.99 2.00 2.00
 %sys 97.23 97.03 98.02 93.00 98.02 97.00 98.00 99.00 97.00 98.00 98.00 97.00 98.00 98.02 99.00 97.03 99.00 98.00 98.00 96.00 97.03 96.97 97.03 98.00 89.00 98.99 97.03 98.02 98.00 98.00 99.01 98.00 98.00
 %gnice 0.00 0.00 0.00 0.00 0.00 0.00 0.00 0.00 0.00 0.00 0.00 0.00 0.00 0.00 0.00 0.00 0.00 0.00 0.00 0.00 0.00 0.00 0.00 0.00 0.00 0.00 0.00 0.00 0.00 0.00 0.00 0.00 0.00
 %time 1676379971
 %usr 6.46 40.59 2.00 1.96 9.90 1.98 10.00 1.98 6.00 1.98 1.98 1.98 0.99 1.98 1.96 1.98 1.98 30.39 4.95 2.00 10.89 1.96 42.57 1.98 5.88 2.94 1.00 1.96 2.00 1.98 1.98 1.96 1.98
 %sys 93.41 58.42 98.00 97.06 90.10 98.02 90.00 98.02 94.00 98.02 98.02 98.02 99.01 98.02 98.04 98.02 98.02 69.61 95.05 98.00 89.11 98.04 57.43 98.02 91.18 97.06 99.00 98.04 98.00 98.02 98.02 98.04 98.02
 %gnice 0.00 0.00 0.00 0.00 0.00 0.00 0.00 0.00 0.00 0.00 0.00 0.00 0.00 0.00 0.00 0.00 0.00 0.00 0.00 0.00 0.00 0.00 0.00 0.00 0.00 0.00 0.00 0.00 0.00 0.00 0.00 0.00 0.00
 %time 1676379995
 %usr 2.19 2.97 2.00 2.97 3.00 2.00 2.00 1.98 6.06 1.01 2.00 2.00 2.97 1.00 2.00 2.00 2.00 1.00 2.00 1.01 1.00 2.00 2.00 2.00 5.00 1.98 2.02 1.98 1.00 2.00 1.01 1.00 2.00
 %sys 97.47 95.05 98.00 96.04 97.00 98.00 98.00 97.03 93.94 98.99 97.00 98.00 97.03 99.00 98.00 98.00 98.00 98.00 98.00 98.99 99.00 98.00 98.00 98.00 94.00 97.03 97.98 97.03 98.00 98.00 98.99 99.00 98.00
 %gnice 0.00 0.00 0.00 0.00 0.00 0.00 0.00 0.00 0.00 0.00 0.00 0.00 0.00 0.00 0.00 0.00 0.00 0.00 0.00 0.00 0.00 0.00 0.00 0.00 0.00 0.00 0.00 0.00 0.00 0.00 0.00 0.00 0.00
 %time 1676380016
 %usr 6.47 18.00 2.00 2.00 15.84 11.88 36.00 3.03 5.05 2.00 1.00 3.00 2.00 2.00 2.97 1.98 2.00 5.00 2.00 2.00 21.00 11.00 38.00 4.00 2.00 2.00 1.00 1.00 2.00 2.02 1.01 1.98 2.00
 %sys 93.47 82.00 98.00 98.00 84.16 88.12 64.00 96.97 94.95 98.00 99.00 97.00 98.00 98.00 97.03 98.02 98.00 95.00 98.00 98.00 79.00 89.00 62.00 96.00 97.00 98.00 99.00 99.00 98.00 97.98 98.99 98.02 98.00
 %gnice 0.00 0.00 0.00 0.00 0.00 0.00 0.00 0.00 0.00 0.00 0.00 0.00 0.00 0.00 0.00 0.00 0.00 0.00 0.00 0.00 0.00 0.00 0.00 0.00 0.00 0.00 0.00 0.00 0.00 0.00 0.00 0.00 0.00
 %time 1676380037
 %usr 2.98 10.00 2.97 1.98 1.98 1.96 2.00 1.00 1.98 1.98 1.00 2.97 2.00 0.99 1.00 2.00 1.98 27.72 2.94 1.00 3.00 1.96 1.96 0.98 3.96 1.98 1.98 1.00 1.98 1.98 2.00 1.96 2.91
 %sys 96.90 89.00 97.03 98.02 98.02 97.06 98.00 99.00 98.02 98.02 99.00 97.03 98.00 99.01 99.00 98.00 98.02 72.28 97.06 99.00 97.00 97.06 97.06 98.04 95.05 98.02 98.02 99.00 98.02 98.02 98.00 98.04 96.12
 %gnice 0.00 0.00 0.00 0.00 0.00 0.00 0.00 0.00 0.00 0.00 0.00 0.00 0.00 0.00 0.00 0.00 0.00 0.00 0.00 0.00 0.00 0.00 0.00 0.00 0.00 0.00 0.00 0.00 0.00 0.00 0.00 0.00 0.00
 %time 1676380066
 %usr 7.34 33.00 1.00 2.00 1.01 2.00 2.97 2.97 47.00 2.00 3.00 1.00 2.97 2.00 2.00 3.00 1.00 34.00 3.00 1.01 2.00 2.00 2.00 3.00 62.38 2.00 2.00 2.00 2.00 2.02 2.00 2.00 2.02
 %sys 92.56 66.00 99.00 98.00 98.99 98.00 97.03 96.04 53.00 98.00 97.00 99.00 97.03 98.00 98.00 97.00 99.00 66.00 97.00 98.99 98.00 98.00 98.00 97.00 35.64 98.00 98.00 98.00 98.00 97.98 98.00 98.00 97.98
 %gnice 0.00 0.00 0.00 0.00 0.00 0.00 0.00 0.00 0.00 0.00 0.00 0.00 0.00 0.00 0.00 0.00 0.00 0.00 0.00 0.00 0.00 0.00 0.00 0.00 0.00 0.00 0.00 0.00 0.00 0.00 0.00 0.00 0.00
 %time 1676380092
 %usr 7.93 15.00 1.98 3.00 6.93 80.00 2.00 11.88 8.00 2.00 1.01 2.97 1.98 1.00 1.98 2.00 2.00 15.00 3.00 7.00 3.96 36.36 1.00 12.00 13.00 2.00 1.00 1.98 2.00 1.00 2.00 3.00 2.00
 %sys 91.95 84.00 98.02 97.00 93.07 20.00 98.00 88.12 91.00 98.00 98.99 97.03 98.02 99.00 98.02 98.00 98.00 85.00 97.00 93.00 95.05 63.64 99.00 88.00 84.00 98.00 99.00 98.02 98.00 99.00 98.00 97.00 98.00
 %gnice 0.00 0.00 0.00 0.00 0.00 0.00 0.00 0.00 0.00 0.00 0.00 0.00 0.00 0.00 0.00 0.00 0.00 0.00 0.00 0.00 0.00 0.00 0.00 0.00 0.00 0.00 0.00 0.00 0.00 0.00 0.00 0.00 0.00
 %time 1676380119
 %usr 7.40 3.00 2.00 10.89 1.00 17.82 11.00 2.02 54.55 0.99 2.97 2.02 1.00 1.00 2.00 1.98 2.00 2.00 3.00 7.92 3.00 21.00 9.09 1.98 54.46 2.02 2.02 1.98 2.02 1.98 2.00 2.02 2.00
 %sys 92.01 96.00 97.00 88.12 98.00 81.19 88.00 97.98 45.45 98.02 96.04 97.98 98.00 98.00 97.00 97.03 98.00 98.00 97.00 91.09 97.00 79.00 90.91 97.03 42.57 97.98 97.98 97.03 97.98 97.03 98.00 97.98 98.00
 %gnice 0.00 0.00 0.00 0.00 0.00 0.00 0.00 0.00 0.00 0.00 0.00 0.00 0.00 0.00 0.00 0.00 0.00 0.00 0.00 0.00 0.00 0.00 0.00 0.00 0.00 0.00 0.00 0.00 0.00 0.00 0.00 0.00 0.00
 %time 1676380147
 %usr 6.81 3.00 3.00 61.00 1.98 7.00 1.00 8.00 20.00 2.00 1.98 2.02 2.97 1.00 2.02 2.00 2.00 1.01 9.00 38.00 2.00 2.02 2.00 5.00 23.23 2.00 1.98 3.00 3.00 2.02 2.00 1.00 2.00
 %sys 93.10 97.00 97.00 39.00 98.02 93.00 99.00 92.00 80.00 98.00 98.02 97.98 97.03 99.00 97.98 98.00 98.00 98.99 91.00 62.00 98.00 97.98 98.00 95.00 74.75 98.00 98.02 97.00 97.00 97.98 98.00 99.00 98.00
 %gnice 0.00 0.00 0.00 0.00 0.00 0.00 0.00 0.00 0.00 0.00 0.00 0.00 0.00 0.00 0.00 0.00 0.00 0.00 0.00 0.00 0.00 0.00 0.00 0.00 0.00 0.00 0.00 0.00 0.00 0.00 0.00 0.00 0.00
