1676376859      37602      37600     440104   37569998
1676376869     701266     701317    7209849  712731425
1676376880     681419     681457    7005747  692574329
1676376890     656234     656264    6749501  666939428
1676376900     683782     683815    7036685  694796348
1676376911     718018     720026    7422707  734003263
1676376921     702815     700875    7190784  709938174
1676376931     722244     722278    7424513  734081731
1676376941     726380     726408    7472390  738142514
1676376952     720670     720704    7408615  732496764
1676376962     696902     696958    7165293  708323789
1676376972     666906     666938    6867679  677609928
1676376983     669966     669997    6892585  680895363
1676376993     713794     713822    7346752  725282745
1676377003     675348     675372    6947214  686367473
1676377013     702163     702195    7220761  713653797
1676377024     719175     719203    7401632  730771118
1676377034     648025     648042    6667685  658566140
1676377044     681258     681291    7013823  692219069
1676377055     676653     676676    6959999  687706148
1676377065     719995     720031    7402649  731801917
1676377075     689349     689382    7096732  700455512
1676377087     807927     807969    8302001  821237095
1676377098     739019     739053    7606287  750958153
1676377108     706902     706950    7271875  718461822
1676377118     629124     629158    6484875  639161688
1676377129     711083     711115    7313256  722698841
1676377139     698521     700869    7208902  712286282
1676377149     676438     674187    6944304  684935541
1676377160     682484     684536    7063404  697856244
1676377170     705935     703954    7224721  713073979
1676377180     714146     714179    7344660  725822941
1676377190     627229     627271    6456222  637431076
1676377201     699829     699885    7204765  711107273
1676377211     687558     687595    7074229  698772226
1676377221     693253     693302    7138301  704404991
1676377232     626088     626118    6447416  636229039
1676377242     598497     598530    6186872  607742400
1676377252       1517       1516     134059     134602
1676377262       3168       3153     308924     251076
1676377273       1349       1346     109860     125826
1676377283       2104       2102     169947     308919
1676377293      34344      34367    1227150   15867766
1676377304     116253     116241    2614246   84386138
1676377314      36700      36693    1751424   16506302
1676377324      39224      39221    2345769   13368498
1676377335      31446      31446    1509071   12875745
1676377345     123194     123221    2157145  109840780
1676377355       2038       2246     158855     392772
1676377366       1608       2025     128211     676345
1676377376       1721       2179     136238     683619
1676377386       1769       3130     145880    1739664
1676377396       1758       3540     136111    2126891
1676377407       1641       3126     139125    1799846
1676377417       1915       3997     156136    2376833
1676377427       2137      10770     172973    9587451
1676377438       1629       5812     138031    4680435
1676377448       2543       5364     155067    3542855
1676377458        721        716      68655      47924
1676377469       1008       1101      83372     165509
1676377479       1983      12415     118730   11662088
1676377489       1795      15975     108136   15425618
1676377500       1832       9384     114522    8447005
1676377510       2163      17211     106323   16922535
1676377520        934        929      79412      57388
1676377530        720        715      69459      47916
1676377541        718        714      69806      47873
1676377551        933        929      80539      57387
1676377561        718        715      70609      47880
1676377572        939        933      81381      57455
1676377582        717        714      70368      47873
1676377592        939        934      81264      57498
1676377603        723        719      71233      47937
1676377613        725        718      70628      47937
1676377623        944        938      80588      57638
1676377634        729        720      70422      47973
1676377644        933        930      77017      57388
1676377654        725        718      67173      47968
1676377665        717        711      66422      47777
1676377675        939        932      77520      57636
1676377685        717        712      67228      47799
1676377695        939        933      78082      57467
1676377706        716        712      68008      47794
1676377716        724        719      68684      48093
1676377726        933        927      79119      57258
1676377737        725        717      69330      47948
1676377747        939        934      78209      57535
1676377757        723        718      68087      47963
1676377768        936        928      77849      57384
1676377778        722        716      67886      47927
1676377788        716        712      68160      47794
1676377799       1005        999      81369      86784
1676377809        717        712      68949      47801
1676377819       1371       1364      96168     136132
1676377830       3609       3606     132614    2168187
1676377840       7415       7405     169958    5956072
1676377850        899        897      77265      55869
1676377861        721        719      69049      48030
1676377871        932        926      79663      57274
1676377881        723        718      69868      47974
1676377892        928        924      80372      57286
1676377902        722        720      68621      48018
1676377912        716        713      68865      47789
1676377922        941        937      78957      57693
1676377933        713        710      68629      47735
1676377943        940        936      79654      57571
1676377953        719        714      69606      47899
1676377964        722        717      70029      47949
1676377974        940        936      80935      57612
1676377984        723        722      69808      48073
1676377995        936        927      80537      57354
1676378005        721        716      69631      47947
1676378015        730        726      70364      48317
1676378026        938        932      79780      57445
1676378036        729        725      68300      48356
1676378046        941        937      78612      57534
1676378057        731        726      68252      48449
1676378067        933        927      77265      57264
1676378077        737        734      68372      48757
1676378087        734        731      68629      48614
1676378098        939        933      78815      57545
1676378108        736        730      69564      48628
1676378118        935        930      79479      57338
1676378129        746        741      70863      49050
1676378139        745        742      70153      49025
1676378149        938        934      79965      57595
1676378160        720        716      68437      47912
1676378170        907        903      77740      56095
1676378180        724        720      69460      48120
1676378191        713        709      69459      47638
1676378201        943        940      81144      57704
1676378211        729        722      72048      48216
1676378222        941        936      82478      57701
1676378232        738        734      74612      48763
1676378242        940        935      81093      57691
1676378253        722        720      69318      48107
1676378263        720        716      69401      47912
1676378273        939        933      80363      57588
1676378284        723        719      70265      47990
1676378294        935        931      79926      57427
1676378304        718        716      69951      47912
1676378314        687        682      62616      46448
1676378325        909        905      73125      56137
1676378335        717        713      71094      47808
1676378345        939        933      80964      57447
1676378356        719        715      70975      47887
1676378366        724        719      70365      47972
1676378376        935        929      78986      57291
1676378387        722        719      69134      47966
1676378397        938        932      79942      57457
1676378407        726        720      68951      47984
1676378418        906        905      73116      56150
1676378428        688        685      62532      46424
1676378438        686        686      63623      46541
1676378449        942        937      77761      57545
1676378459        682        678      62402      46241
1676378469        908        906      73211      56310
1676378480        689        684      64178      46482
1676378490        717        715      67195      47821
1676378500        901        899      72916      55942
1676378511        689        685      62558      46455
1676378521        906        905      74168      56180
1676378531        719        714      68279      47768
1676378542        899        895      72984      55989
1676378552        688        687      62531      46491
1676378562        686        682      64152      46392
1676378572        936        933      78811      57437
1676378583        680        679      62359      46255
1676378593        916        911      74428      56451
1676378603        688        684      63661      46482
1676378614        719        715      68369      47845
1676378624        904        897      73021      55991
1676378634        694        692      64233      46694
1676378645        911        908      74431      56293
1676378655        717        716      69265      47896
1676378665        724        719      68926      48100
1676378676        930        926      78196      57180
1676378686        720        717      68492      47948
1676378696        933        929      78169      57324
1676378707        689        692      62640      46707
1676378717        906        906      73063      56152
1676378727        690        688      63344      46582
1676378738        824        821      72921      66738
1676378748       2017       2012     117452     254166
1676378758        685        682      62472      46348
1676378769        907        904      74317      56243
1676378779        715        712      68555      47710
1676378789        687        683      62514      46370
1676378800        904        902      73031      56092
1676378810        775        771      66756      61621
1676378820        939        934      80985      57456
1676378831        721        718      68186      48067
1676378841        715        710      68169      47674
1676378851        937        932      78214      57462
1676378862        724        719      68446      49076
1676378872       5310      10748     169473    9139568
1676378882        718        714      68992      47875
1676378892       1303       4099      87986    3324403
1676378903      53813      44421   46085867   38952426
1676378913     121822     111397  115607459  105063607
1676378923      74000      81630   68210485   78390891
1676378934     131702     121946  124562753  114660489
1676378944     104557     103513   97834745   98256214
1676378955     154534     160560  144639087  153885575
1676378965     145661     137817  137638833  130995770
1676378975     147087     150844  137626167  144081898
1676378986     124102     111066  117933563  104801112
1676378996     167920     176994  157281140  170208375
1676379006     146132     143743  137591032  137497903
1676379016      97706      95951   91752067   91676567
1676379027     172834     158783  163779852  150638276
1676379037     101645     102714   95077840   98219927
1676379047     115120     113597  108085559  108049828
1676379058      98158     105677   91760416  101485187
1676379068      97613      96656   91735919   91705003
1676379078      97267      96397   91736052   91704314
1676379089     116468     106705  111457574  101556056
1676379099     100960      96785   94987429   91707693
1676379109     107308     106091  101541189  101504625
1676379120      94330      92790   88551720   88410484
1676379130     115827     126036  108259522  121157750
1676379140      97297      95680   91727815   91670715
1676379151     118963     113634  112231925  108102515
1676379161     124213     126408  117160139  121161510
1676379171     182413     168461  173551305  160441914
1676379182     108619     118722  101598396  114593424
1676379192     162801     151728  154591705  144111559
1676379202     172559     167589  163075069  160428228
1676379213     121371     121018  114637948  114625621
1676379223     126034     132763  117978068  127678009
1676379233     134148     124113  127724748  118135256
1676379244     124042     135553  115703278  130675935
1676379254     130712     126902  123467284  121163382
1676379264      97602      99272   91736614   94943949
1676379275     145834     141346  137567962  134279567
1676379285     193536     191276  183398297  183308581
1676379295     145824     147449  137594457  142896286
1676379306     145065     140262  137566438  132179591
1676379316     146417     143950  137639557  137551102
1676379327     131374     117381  124477394  111332739
1676379337      80306      94662   74192886   91677480
1676379347     156772     138690  148733035  131027351
1676379358     138798     136502  131017438  130954659
1676379368     126161     136150  117972120  130949728
1676379378     106281      99956  100438369   94981779
1676379389     115362     109823  109345026  104383034
1676379399     118298     117195  111380368  111774418
1676379409     138537     136799  131004236  130981443
1676379420     113491     116389  106707963  111467011
1676379430     163311     154213  155326445  147179397
1676379440     119438     129148  111397501  124406278
1676379451     141544     131451  134269478  124457193
1676379461     180809     190279  169560525  183335215
1676379471     163309     148333  154730776  140975683
1676379482     108259     109680  102056809  104861629
1676379492     127620     120413  120755715  114367669
1676379502     105335     115426   98318727  111322753
1676379512     123746     110576  117886756  104806864
1676379523     119339     129644  111400625  124408591
1676379533     109000     102851  102770366   98240976
1676379543      86377      89027   80725616   85129092
1676379554      97399      95802   91733394   91708675
1676379564     144453     131170  137556399  125950400
1676379574      98929     108977   91777909  103270013
1676379585      97572      95998   91729897   91707188
1676379595      97695      95988   91731841   91689591
1676379605     116973     103716  111397021   98243891
1676379616      77529      88187   72110180   85105277
1676379626      97467      96434   91741504   91701343
1676379636     145970     144177  137558994  137512041
1676379647     123739     110951  117907118  104815695
1676379657     107615     106116  101597095  101516604
1676379667     138309     143282  129836323  137517047
1676379678     146273     137854  138843191  130974175
1676379688     115744     125406  108128501  121111748
1676379698     130737     118351  124504042  111750666
1676379709     104281     102366   98283571   97837520
1676379719     106348     115763   98324032  111322566
1676379729     145410     143422  137571139  137518622
1676379740     145391     142293  137577997  137527174
1676379750     145758     144845  137632196  137539512
1676379760     145483     140306  137556049  134252588
1676379771     145613     144060  137585562  137526528
1676379781     141664     133875  134298913  127688299
1676379791     129875     126968  122920989  121144022
1676379802     156782     153975  148954796  147356082
1676379812     106121     111880   98326962  107028963
1676379822      98374     101196   91758308   96420109
1676379833     134830     121223  124537879  113950481
1676379843      99034      97840   91796010   92178466
1676379853     138408     137107  131084967  130966461
1676379864     135430     133311  127757885  127686344
1676379874     130097     139468  121233441  134226212
1676379884     156430     148367  147359564  141512379
1676379895     117573     109969  111406521  104773316
1676379905     136320     137080  128402213  130960005
1676379915     124926     129645  117305889  124414993
1676379926      97994      99242   91757921   94966790
1676379936     127251     114217  121182517  108538847
1676379946     107465     106607  101554739  101553958
1676379957     138889     136781  131012572  130919334
1676379967     104802     106184   98286940  101138683
1676379977     105083     112230   98295899  108048835
1676379988     120319     106959  114614583  101511811
1676379998     100985     100019   95016063   94963477
1676380008     114426     115387  108095565  111317901
1676380019     101878     109807   95028514  104782158
1676380029      96973      95980   91745252   91673573
1676380039     145088     137765  137592449  130993680
1676380050     128159     120587  121224256  114642694
1676380061     115631     125680  108138533  121142167
1676380072     145797     141319  137567637  135035904
1676380082      98014      98539   91753512   94190889
1676380094     131382     118278  124478281  112218124
1676380104     112490     121231  104883309  116980477
1676380114     123706     110749  117895267  104809763
1676380125     114720     113320  108120563  108063286
1676380135     102073     112450   95210108  108053005
1676380146     113134     103632  107474211   98251636
1676380156     129882     136090  121826751  130950113
1676380166     107321      99678  101714826   94950791
