1676376859      26307      26307     676895   21624005
1676376869     729800     729851    7506487  741715394
1676376880     677368     677401    6970070  688406926
1676376890     655104     655125    6750449  665717169
1676376900     676722     676767    6973147  687554446
1676376910     713890     713932    7343688  726562778
1676376921     715357     715382    7363804  725858235
1676376931     722348     722391    7431178  734151649
1676376941     726011     726049    7475477  739843441
1676376952     725223     725268    7457858  734973396
1676376962     696942     696985    7169552  708326838
1676376972     666933     666974    6872570  677613093
1676376983     670012     670057    6900342  680899466
1676376993     717918     717965    7391115  729456645
1676377003     675475     675509    6957438  686438534
1676377014     706376     706418    7271241  717894466
1676377024     715037     715076    7367488  726605153
1676377034     652259     652289    6720072  662741183
1676377044     677156     677184    6979880  687986634
1676377055     676724     676749    6968959  687710908
1676377065     727747     727791    7488927  739648230
1676377075     690051     690094    7112746  701091494
1676377087     791306     791348    8139650  804293742
1676377098     743267     743311    7658405  755200069
1676377108     706963     707013    7280893  718466163
1676377118     637507     637551    6577690  647639472
1676377129     702796     704879    7279767  718466246
1676377139     704879     702885    7216099  712100666
1676377149     674329     674357    6954521  685064010
1676377160     694206     694260    7148661  705500117
1676377170     702407     702446    7239095  713645857
1676377181     730355     730411    7518374  742257584
1676377191     652919     652943    6746869  663086280
1676377202     700411     700453    7215706  711738474
1676377212     688609     688643    7094233  699754988
1676377222     709492     709542    7325982  721379988
1676377233     628830     628860    6489529  638117594
1676377243     525026     525053    5449627  532876405
1676377253       2788       2785     252795     246772
1676377264       1893       1880     190013     137161
1676377274       1682       1678     136477     187193
1676377284       4605       4602     366132     728911
1676377295      60242      60239    1798136   30719894
1676377305      93414      93432    2019919   72435223
1676377315      34279      34278    1758722   14076639
1676377326      40938      40936    2431583   13922537
1676377336      35573      35594    1661885   15903312
1676377349     112075     111953    1850223  104237760
1676377364       2402       2007     680586     137377
1676377379       3087       2367    1108840     156389
1676377396       5457       2453    3615414     169146
1676377415       5604       2504    3633176     177209
1676377435      14279       3182   12341435     234566
1676377451       7681       2649    5754077     348095
1676377472       2179       1369    1006352      99317
1676377498      34104       3923   33851122     172069
1676377527      18884       2541   17764362     101569
1676377556       1008       1007      87953      62100
1676377582        997        993      83727      61535
1676377609       1018       1015      88697      62529
1676377641       1222       1224      96252      71837
1676377670       1002       1004      85927      62094
1676377699       1014       1015      85201      65321
1676377725       1003       1001      86161      62267
1676377754        992        995      84838      61662
1676377785       1011       1014      88347      62569
1676377814       1047       1050      85480      90356
1676377836        987        989      85645      61776
1676377867       1237       1244      99311      73095
1676377895        994        997      85596      61850
1676377926       1019       1023      87453      62569
1676377957       1021       1025      91699      63236
1676377982       1019       1023      84737      62896
1676378009       1041       1043      92265      63648
1676378039       1031       1037      86761      63665
1676378060       1063       1061      92856      64618
1676378083       1001        999      84953      62190
1676378110       1056       1057      88355      64614
1676378142       1229       1228      97198      72286
1676378172       1009       1008      86461      62320
1676378197        999        998      84300      61846
1676378223       3557       3554     134474    2194449
1676378254       2935       2934     115157    1912882
1676378285       1606       1604      99751     474601
1676378313       1007       1005      84215      65207
1676378343       1248       1245      98731      76669
1676378371       4305       4305     162544    2155945
1676378399       1027       1024      87543      65896
1676378425        992        999      85434      61837
1676378448       1001        995      83813      63895
1676378475       2617       2619     109346    1540071
1676378501        991        992      84119      61667
1676378530       1045       1047      87801      69688
1676378557       1100       1104      89659      81857
1676378587       5496       5562     166998    3806040
1676378620       1596       1536     106908     113334
1676378647        996       1003      85783      61984
1676378678        998        995      85441      61848
1676378700       3039       3036     108278    2053849
1676378728       1141       1143      91921      87193
1676378754        990        994      85174      61877
1676378782       1220       1222      97397      97173
1676378810       1106       1161      95022     110148
1676378830       7159       7108     159126    5851801
1676378857       1001       1007      87059      62672
1676378884       7403       1967    6622816      95457
1676378916     173959     194229  163841532  183816746
1676378945     285272     285558  271766983  268649874
1676378969     356620     364482  340547410  343932716
1676378998     405399     394296  389512795  375922247
1676379019     233771     258255  229190715  243069716
1676379049     373063     375023  353548029  350679834
1676379075     246819     249737  235753291  238807974
1676379100     235979     238384  225948012  226034164
1676379127     256626     260539  242278704  242772991
1676379153     292231     295846  278626807  279755825
1676379181     394312     387883  379476361  366800824
1676379210     409961     424923  392920622  406544036
1676379235     308507     301951  294609844  281653059
1676379264     338146     349366  326555606  332185761
1676379295     474641     473760  452579441  447128473
1676379319     334891     340105  324150919  321000555
1676379347     298206     317332  284892911  301378204
1676379370     293415     295092  278268129  278466888
1676379392     235414     233553  225963017  223807277
1676379420     331663     333961  324089302  314151248
1676379445     345364     356497  324269649  336299911
1676379472     405326     402889  392700771  379874954
1676379500     321904     336499  307778792  320929914
1676379526     276715     278666  265178111  265221883
1676379549     217743     209307  206266847  193244037
1676379574     286983     291238  275029685  275083513
1676379603     283472     291125  271744787  275099419
1676379630     242720     242483  232443271  229226210
1676379659     331900     339214  320844727  320929032
1676379691     410564     424746  409219872  411073638
1676379717     283757     290969  258655500  266842968
1676379747     407902     398892  386308567  387070308
1676379770     324892     338026  314318722  310446096
1676379797     343797     349291  346992191  335886704
1676379822     273036     281187  242445340  262288296
1676379846     259173     248106  242294868  229907942
1676379871     347623     365752  339360636  350667018
1676379899     379794     383638  361190943  363202728
1676379930     323777     319825  311061462  306715246
1676379959     334597     335765  317594615  308897190
1676379982     239268     242663  229179386  229207821
1676380002     191987     194198  183351232  183385369
1676380023     239120     241938  229191111  229220923
1676380050     300589     319312  288197041  302943805
1676380076     310382     308701  297955713  294713330
1676380105     317704     329351  307725472  311129932
1676380132     269110     257649  255374867  255127191
1676380161     342272     358502  324255624  324629328
