TIMESTAMP        home1-RQ         home1-RD         home1-WR         work2-RQ         work2-RD         work2-WR         scratch1-RQ      scratch1-RD      scratch1-WR      scratch2-RQ      scratch2-RD      scratch2-WR      scratch3-RQ      scratch3-RD      scratch3-WR      
1676376859        4631278          89544893627       8551523927       17042591          1449761955411    18557446784       11411470         1386547877661     1742851674577    190328            144417040322     0                 379828           83886080          0                
1676376869        4631588          89544911347       8551534404       17042591          1449761955411    18557446784       11411528         1389397268884     1742851674577    190328            144417040322     0                 379828           83886080          0                
1676376880        4631894          89544929069       8551544881       17042591          1449761955411    18557446784       11411582         1392123148957     1742851674577    190328            144417040322     0                 379828           83886080          0                
1676376890        4632203          89544946791       8551555359       17042591          1449761955411    18557446784       11411632         1394774901766     1742851674577    190328            144417040322     0                 379828           83886080          0                
1676376900        4632511          89544964525       8551565844       17042595          1449761955411    18557446784       11411689         1397501302186     1742851674577    190330            144417040322     0                 379832           83886080          0                
1676376911        4632818          89544982251       8551576326       17042595          1449761955411    18557446784       11411745         1400387045894     1742851674577    190330            144417040322     0                 379832           83886080          0                
1676376921        4633126          89544999977       8551586808       17042599          1449761955411    18557446784       11411804         1403232771613     1742851674577    190332            144417040322     0                 379836           83886080          0                
1676376931        4633433          89545017705       8551597292       17042599          1449761955411    18557446784       11411862         1406147398403     1742851674577    190332            144417040322     0                 379836           83886080          0                
1676376941        4633741          89545035435       8551607775       17042603          1449761955411    18557446784       11411919         1409035779149     1742851674577    190334            144417040322     0                 379840           83886080          0                
1676376952        4634048          89545053167       8551618260       17042603          1449761955411    18557446784       11411977         1411968544820     1742851674577    190334            144417040322     0                 379840           83886080          0                
1676376962        4634355          89545070899       8551628745       17042603          1449761955411    18557446784       11412033         1414759193750     1742851674577    190334            144417040322     0                 379840           83886080          0                
1676376972        4634661          89545088639       8551639233       17042607          1449761955411    18557446784       11412088         1417433666674     1742851674577    190336            144417040322     0                 379844           83886080          0                
1676376983        4634970          89545106379       8551649720       17042607          1449761955411    18557446784       11412142         1420163367000     1742851674577    190336            144417040322     0                 379844           83886080          0                
1676376993        4635278          89545124113       8551660205       17042611          1449761955411    18557446784       11412199         1423034245395     1742851674577    190338            144417040322     0                 379848           83886080          0                
1676377003        4635586          89545141847       8551670690       17042611          1449761955411    18557446784       11412253         1425731770347     1742851674577    190338            144417040322     0                 379848           83886080          0                
1676377013        4635893          89545159581       8551681175       17042611          1449761955411    18557446784       11412311         1428562422464     1742851674577    190338            144417040322     0                 379848           83886080          0                
1676377024        4636201          89545177315       8551691661       17042615          1449761955411    18557446784       11412368         1431438172486     1742851674577    190340            144417040322     0                 379852           83886080          0                
1676377034        4636508          89545195049       8551702146       17042615          1449761955411    18557446784       11412420         1434061250278     1742851674577    190340            144417040322     0                 379852           83886080          0                
1676377044        4636817          89545212791       8551712633       17042619          1449761955411    18557446784       11412475         1436772956653     1742851674577    190342            144417040322     0                 379856           83886080          0                
1676377055        4637124          89545230525       8551723119       17042619          1449761955411    18557446784       11412529         1439500183203     1742851674577    190342            144417040322     0                 379856           83886080          0                
1676377065        4637431          89545248265       8551733605       17042619          1449761955411    18557446784       11412587         1442408539157     1742851674577    190342            144417040322     0                 379856           83886080          0                
1676377075        4637739          89545265999       8551744089       17042623          1449761955411    18557446784       11412642         1445191775362     1742851674577    190344            144417040322     0                 379860           83886080          0                
1676377087        4638046          89545283733       8551754572       17042623          1449761955411    18557446784       11412708         1448454963360     1742851674577    190344            144417040322     0                 379860           83886080          0                
1676377098        4638354          89545301475       8551765057       17042627          1449761955411    18557446784       11412767         1451403599608     1742851674577    190346            144417040322     0                 379864           83886080          0                
1676377108        4638661          89545319209       8551775540       17042627          1449761955411    18557446784       11412825         1454269976399     1742851674577    190346            144417040322     0                 379864           83886080          0                
1676377118        4638970          89545336943       8551786022       17042631          1449761955411    18557446784       11412876         1456808404465     1742851674577    190348            144417040322     0                 379868           83886080          0                
1676377129        4639277          89545354685       8551796508       17042631          1449761955411    18557446784       11412932         1459644901280     1742851674577    190348            144417040322     0                 379868           83886080          0                
1676377139        4639584          89545372419       8551806990       17042631          1449761955411    18557446784       11412988         1462448554088     1742851674577    190348            144417040322     0                 379868           83886080          0                
1676377149        4639892          89545390153       8551817474       17042635          1449761955411    18557446784       11413043         1465202474111     1742851674577    190350            144417040322     0                 379872           83886080          0                
1676377159        4640199          89545407893       8551827959       17042635          1449761955411    18557446784       11413099         1467940715646     1742851674577    190350            144417040322     0                 379872           83886080          0                
1676377170        4640507          89545425629       8551838442       17042639          1449761955411    18557446784       11413156         1470764235744     1742851674577    190352            144417040322     0                 379876           83886080          0                
1676377180        4640814          89545443371       8551848929       17042639          1449761955411    18557446784       11413212         1473628052064     1742851674577    190352            144417040322     0                 379876           83886080          0                
1676377190        4641121          89545461105       8551859411       17042639          1449761955411    18557446784       11413262         1476173890565     1742851674577    190352            144417040322     0                 379876           83886080          0                
1676377201        4641429          89545478841       8551869894       17042643          1449761955411    18557446784       11413319         1478981797268     1742851674577    190354            144417040322     0                 379880           83886080          0                
1676377211        4641736          89545496585       8551880381       17042643          1449761955411    18557446784       11413375         1481761725860     1742851674577    190354            144417040322     0                 379880           83886080          0                
1676377221        4642043          89545514321       8551890863       17042647          1449761955411    18557446784       11413430         1484532339081     1742851674577    190356            144417040322     0                 379884           83886080          0                
1676377232        4642351          89545532059       8551901342       17042647          1449761955411    18557446784       11413480         1487057063551     1742851674577    190356            144417040322     0                 379884           83886080          0                
1676377242        4642668          89545547301       8551909294       17042651          1449761955411    18557446784       11413550         1489493286353     1742851674577    190358            144417040322     0                 379888           83886080          0                
1676377252        4643262          89545601312       8551923600       17042652          1449761955411    18557446784       11413551         1489493286353     1742851674577    190358            144417040322     0                 379888           83886080          0                
1676377262        4644457          89546079422       8552063150       17042652          1449761955411    18557446784       11413551         1489493286353     1742851674577    190358            144417040322     0                 379888           83886080          0                
1676377273        4644906          89546289732       8552081232       17042655          1449761955411    18557446784       11413552         1489493286353     1742851674577    190360            144417040322     0                 379892           83886080          0                
1676377283        4645530          89546937218       8552099314       17042655          1449761955411    18557446784       11413552         1489493286353     1742851674577    190360            144417040322     0                 379892           83886080          0                
1676377293        4647155          89548819770       8552117395       17042659          1449761955411    18557446784       11413554         1489493286353     1742851674577    190362            144417040322     0                 379896           83886080          0                
1676377304        4648782          89552884595       8552135481       17042659          1449761955411    18557446784       11413554         1489493286353     1742851674577    190362            144417040322     0                 379896           83886080          0                
1676377314        4653156          89570895537       8552153565       17042659          1449761955411    18557446784       11413554         1489493286353     1742851674577    190362            144417040322     0                 379896           83886080          0                
1676377324        4660382          89579906914       8552171652       17042663          1449761955411    18557446784       11413556         1489493286353     1742851674577    190364            144417040322     0                 379900           83886080          0                
1676377335        4663890          89588328664       8552189739       17042663          1449761955411    18557446784       11413556         1489493286353     1742851674577    190364            144417040322     0                 379900           83886080          0                
1676377345        4666264          89590637337       8552223238       17042667          1449761955411    18557446784       11413574         1489493286353     1742851674577    190366            144417040322     0                 379904           83886080          0                
1676377355        4666594          89590670327       8552241346       17042667          1449761955411    18557446784       11413574         1489493286353     1742851674577    190366            144417040322     0                 379904           83886080          0                
1676377365        4666919          89590703319       8552259454       17042667          1449761955411    18557446784       11413574         1489493286353     1742851674577    190366            144417040322     0                 379904           83886080          0                
1676377376        4667244          89590736313       8552277564       17042671          1449761955411    18557446784       11413575         1489493286353     1742851674577    190368            144417040322     0                 379908           83886080          0                
1676377386        4667569          89590769307       8552295673       17042671          1449761955411    18557446784       11413575         1489493286353     1742851674577    190368            144417040322     0                 379908           83886080          0                
1676377396        4667893          89590802303       8552313784       17042675          1449761955411    18557446784       11413577         1489493286353     1742851674577    190370            144417040322     0                 379912           83886080          0                
1676377407        4668220          89590835299       8552331894       17042675          1449761955411    18557446784       11413577         1489493286353     1742851674577    190370            144417040322     0                 379912           83886080          0                
1676377417        4668546          89590868295       8552350005       17042679          1449761955411    18557446784       11413579         1489493286353     1742851674577    190372            144417040322     0                 379916           83886080          0                
1676377427        4668871          89590901291       8552368115       17042679          1449761955411    18557446784       11413579         1489493286353     1742851674577    190372            144417040322     0                 379916           83886080          0                
1676377438        4669196          89590934287       8552386225       17042679          1449761955411    18557446784       11413579         1489493286353     1742851674577    190372            144417040322     0                 379916           83886080          0                
1676377448        4669526          89591384978       8552404336       17042683          1449761955411    18557446784       11413581         1489493286353     1742851674577    190374            144417040322     0                 379920           83886080          0                
1676377458        4669851          89591417974       8552422446       17042683          1449761955411    18557446784       11413581         1489493286353     1742851674577    190374            144417040322     0                 379920           83886080          0                
1676377469        4670178          89591450970       8552440556       17042687          1449761955411    18557446784       11413583         1489493286353     1742851674577    190376            144417040322     0                 379924           83886080          0                
1676377479        4670503          89591483966       8552458666       17042687          1449761955411    18557446784       11413583         1489493286353     1742851674577    190376            144417040322     0                 379924           83886080          0                
1676377489        4670828          89591516962       8552476776       17042687          1449761955411    18557446784       11413583         1489493286353     1742851674577    190376            144417040322     0                 379924           83886080          0                
1676377499        4671154          89591549958       8552494886       17042691          1449761955411    18557446784       11413585         1489493286353     1742851674577    190378            144417040322     0                 379928           83886080          0                
1676377510        4671479          89591582952       8552512996       17042691          1449761955411    18557446784       11413585         1489493286353     1742851674577    190378            144417040322     0                 379928           83886080          0                
1676377520        4671805          89591615948       8552531106       17042695          1449761955411    18557446784       11413587         1489493286353     1742851674577    190380            144417040322     0                 379932           83886080          0                
1676377530        4672130          89591648944       8552549216       17042695          1449761955411    18557446784       11413587         1489493286353     1742851674577    190380            144417040322     0                 379932           83886080          0                
1676377541        4672455          89591681940       8552567326       17042695          1449761955411    18557446784       11413587         1489493286353     1742851674577    190380            144417040322     0                 379932           83886080          0                
1676377551        4672781          89591714936       8552585436       17042699          1449761955411    18557446784       11413589         1489493286353     1742851674577    190382            144417040322     0                 379936           83886080          0                
1676377561        4673106          89591747932       8552603546       17042699          1449761955411    18557446784       11413589         1489493286353     1742851674577    190382            144417040322     0                 379936           83886080          0                
1676377572        4673432          89591780928       8552621656       17042703          1449761955411    18557446784       11413591         1489493286353     1742851674577    190384            144417040322     0                 379940           83886080          0                
1676377582        4673757          89591813924       8552639766       17042703          1449761955411    18557446784       11413591         1489493286353     1742851674577    190384            144417040322     0                 379940           83886080          0                
1676377592        4674083          89591846920       8552657876       17042707          1449761955411    18557446784       11413593         1489493286353     1742851674577    190386            144417040322     0                 379944           83886080          0                
1676377603        4674408          89591879916       8552675986       17042707          1449761955411    18557446784       11413593         1489493286353     1742851674577    190386            144417040322     0                 379944           83886080          0                
1676377613        4674733          89591912912       8552694096       17042707          1449761955411    18557446784       11413593         1489493286353     1742851674577    190386            144417040322     0                 379944           83886080          0                
1676377623        4675059          89591945908       8552712206       17042711          1449761955411    18557446784       11413595         1489493286353     1742851674577    190388            144417040322     0                 379948           83886080          0                
1676377634        4675384          89591978904       8552730316       17042711          1449761955411    18557446784       11413595         1489493286353     1742851674577    190388            144417040322     0                 379948           83886080          0                
1676377644        4675711          89592011900       8552748426       17042715          1449761955411    18557446784       11413597         1489493286353     1742851674577    190390            144417040322     0                 379952           83886080          0                
1676377654        4676036          89592044896       8552766536       17042715          1449761955411    18557446784       11413597         1489493286353     1742851674577    190390            144417040322     0                 379952           83886080          0                
1676377664        4676361          89592077892       8552784646       17042715          1449761955411    18557446784       11413597         1489493286353     1742851674577    190390            144417040322     0                 379952           83886080          0                
1676377675        4676687          89592110888       8552802756       17042719          1449761955411    18557446784       11413599         1489493286353     1742851674577    190392            144417040322     0                 379956           83886080          0                
1676377685        4677010          89592143884       8552820866       17042719          1449761955411    18557446784       11413599         1489493286353     1742851674577    190392            144417040322     0                 379956           83886080          0                
1676377695        4677338          89592176880       8552838976       17042723          1449761955411    18557446784       11413601         1489493286353     1742851674577    190394            144417040322     0                 379960           83886080          0                
1676377706        4677663          89592209876       8552857086       17042723          1449761955411    18557446784       11413601         1489493286353     1742851674577    190394            144417040322     0                 379960           83886080          0                
1676377716        4677988          89592242872       8552875196       17042723          1449761955411    18557446784       11413601         1489493286353     1742851674577    190394            144417040322     0                 379960           83886080          0                
1676377726        4678314          89592275868       8552893306       17042727          1449761955411    18557446784       11413603         1489493286353     1742851674577    190396            144417040322     0                 379964           83886080          0                
1676377737        4678639          89592308864       8552911416       17042727          1449761955411    18557446784       11413603         1489493286353     1742851674577    190396            144417040322     0                 379964           83886080          0                
1676377747        4678965          89592341860       8552929526       17042731          1449761955411    18557446784       11413605         1489493286353     1742851674577    190398            144417040322     0                 379968           83886080          0                
1676377757        4679290          89592374856       8552947636       17042731          1449761955411    18557446784       11413605         1489493286353     1742851674577    190398            144417040322     0                 379968           83886080          0                
1676377768        4679617          89592407852       8552965746       17042735          1449761955411    18557446784       11413607         1489493286353     1742851674577    190400            144417040322     0                 379972           83886080          0                
1676377778        4679942          89592440848       8552983856       17042735          1449761955411    18557446784       11413607         1489493286353     1742851674577    190400            144417040322     0                 379972           83886080          0                
1676377788        4680267          89592473844       8553001966       17042735          1449761955411    18557446784       11413607         1489493286353     1742851674577    190400            144417040322     0                 379972           83886080          0                
1676377799        4680593          89592506838       8553020076       17042739          1449761955411    18557446784       11413609         1489493286353     1742851674577    190402            144417040322     0                 379976           83886080          0                
1676377809        4680918          89592539832       8553038186       17042739          1449761955411    18557446784       11413609         1489493286353     1742851674577    190402            144417040322     0                 379976           83886080          0                
1676377819        4681245          89592572826       8553056297       17042743          1449761955411    18557446784       11413611         1489493286353     1742851674577    190404            144417040322     0                 379980           83886080          0                
1676377830        4681591          89592605856       8553074418       17042743          1449761955411    18557446784       11413616         1489493286353     1742851674577    190404            144417040322     0                 379980           83886080          0                
1676377840        4681931          89592638950       8553092531       17042743          1449761955411    18557446784       11413616         1489493286353     1742851674577    190404            144417040322     0                 379980           83886080          0                
1676377850        4682256          89592671948       8553110644       17042747          1449761955411    18557446784       11413617         1489493286353     1742851674577    190406            144417040322     0                 379984           83886080          0                
1676377861        4682581          89592704946       8553128757       17042747          1449761955411    18557446784       11413617         1489493286353     1742851674577    190406            144417040322     0                 379984           83886080          0                
1676377871        4682905          89592737944       8553146870       17042751          1449761955411    18557446784       11413619         1489493286353     1742851674577    190408            144417040322     0                 379988           83886080          0                
1676377881        4683232          89592770942       8553164983       17042751          1449761955411    18557446784       11413619         1489493286353     1742851674577    190408            144417040322     0                 379988           83886080          0                
1676377892        4683558          89592803940       8553183096       17042755          1449761955411    18557446784       11413621         1489493286353     1742851674577    190410            144417040322     0                 379992           83886080          0                
1676377902        4683883          89592836938       8553201209       17042755          1449761955411    18557446784       11413621         1489493286353     1742851674577    190410            144417040322     0                 379992           83886080          0                
1676377912        4684208          89592869936       8553219322       17042755          1449761955411    18557446784       11413621         1489493286353     1742851674577    190410            144417040322     0                 379992           83886080          0                
1676377922        4684534          89592902934       8553237435       17042759          1449761955411    18557446784       11413623         1489493286353     1742851674577    190412            144417040322     0                 379996           83886080          0                
1676377933        4684859          89592935932       8553255548       17042759          1449761955411    18557446784       11413623         1489493286353     1742851674577    190412            144417040322     0                 379996           83886080          0                
1676377943        4685186          89592968930       8553273661       17042763          1449761955411    18557446784       11413625         1489493286353     1742851674577    190414            144417040322     0                 380000           83886080          0                
1676377953        4685511          89593001928       8553291774       17042763          1449761955411    18557446784       11413625         1489493286353     1742851674577    190414            144417040322     0                 380000           83886080          0                
1676377964        4685836          89593034926       8553309887       17042763          1449761955411    18557446784       11413625         1489493286353     1742851674577    190414            144417040322     0                 380000           83886080          0                
1676377974        4686162          89593067924       8553328000       17042767          1449761955411    18557446784       11413627         1489493286353     1742851674577    190416            144417040322     0                 380004           83886080          0                
1676377984        4686487          89593100922       8553346113       17042767          1449761955411    18557446784       11413627         1489493286353     1742851674577    190416            144417040322     0                 380004           83886080          0                
1676377995        4686813          89593133920       8553364226       17042771          1449761955411    18557446784       11413629         1489493286353     1742851674577    190418            144417040322     0                 380008           83886080          0                
1676378005        4687138          89593166918       8553382339       17042771          1449761955411    18557446784       11413629         1489493286353     1742851674577    190418            144417040322     0                 380008           83886080          0                
1676378015        4687463          89593199916       8553400452       17042771          1449761955411    18557446784       11413629         1489493286353     1742851674577    190418            144417040322     0                 380008           83886080          0                
1676378026        4687789          89593232914       8553418565       17042775          1449761955411    18557446784       11413631         1489493286353     1742851674577    190420            144417040322     0                 380012           83886080          0                
1676378036        4688114          89593265912       8553436678       17042775          1449761955411    18557446784       11413631         1489493286353     1742851674577    190420            144417040322     0                 380012           83886080          0                
1676378046        4688440          89593298910       8553454791       17042779          1449761955411    18557446784       11413633         1489493286353     1742851674577    190422            144417040322     0                 380016           83886080          0                
1676378056        4688765          89593331908       8553472904       17042779          1449761955411    18557446784       11413633         1489493286353     1742851674577    190422            144417040322     0                 380016           83886080          0                
1676378067        4689091          89593364906       8553491017       17042783          1449761955411    18557446784       11413635         1489493286353     1742851674577    190424            144417040322     0                 380020           83886080          0                
1676378077        4689416          89593397904       8553509130       17042783          1449761955411    18557446784       11413635         1489493286353     1742851674577    190424            144417040322     0                 380020           83886080          0                
1676378087        4689741          89593430904       8553527244       17042783          1449761955411    18557446784       11413635         1489493286353     1742851674577    190424            144417040322     0                 380020           83886080          0                
1676378098        4690067          89593463904       8553545358       17042787          1449761955411    18557446784       11413637         1489493286353     1742851674577    190426            144417040322     0                 380024           83886080          0                
1676378108        4690392          89593496904       8553563472       17042787          1449761955411    18557446784       11413637         1489493286353     1742851674577    190426            144417040322     0                 380024           83886080          0                
1676378118        4690719          89593529904       8553581586       17042791          1449761955411    18557446784       11413639         1489493286353     1742851674577    190428            144417040322     0                 380028           83886080          0                
1676378129        4691044          89593562904       8553599700       17042791          1449761955411    18557446784       11413639         1489493286353     1742851674577    190428            144417040322     0                 380028           83886080          0                
1676378139        4691369          89593595904       8553617814       17042791          1449761955411    18557446784       11413639         1489493286353     1742851674577    190428            144417040322     0                 380028           83886080          0                
1676378149        4691695          89593628904       8553635928       17042795          1449761955411    18557446784       11413641         1489493286353     1742851674577    190430            144417040322     0                 380032           83886080          0                
1676378160        4692020          89593661904       8553654042       17042795          1449761955411    18557446784       11413641         1489493286353     1742851674577    190430            144417040322     0                 380032           83886080          0                
1676378170        4692346          89593694904       8553672156       17042799          1449761955411    18557446784       11413643         1489493286353     1742851674577    190432            144417040322     0                 380036           83886080          0                
1676378180        4692671          89593727904       8553690270       17042799          1449761955411    18557446784       11413643         1489493286353     1742851674577    190432            144417040322     0                 380036           83886080          0                
1676378191        4692996          89593760904       8553708384       17042799          1449761955411    18557446784       11413643         1489493286353     1742851674577    190432            144417040322     0                 380036           83886080          0                
1676378201        4693322          89593793906       8553726499       17042803          1449761955411    18557446784       11413645         1489493286353     1742851674577    190434            144417040322     0                 380040           83886080          0                
1676378211        4693647          89593826908       8553744614       17042803          1449761955411    18557446784       11413645         1489493286353     1742851674577    190434            144417040322     0                 380040           83886080          0                
1676378222        4693973          89593859910       8553762729       17042807          1449761955411    18557446784       11413647         1489493286353     1742851674577    190436            144417040322     0                 380044           83886080          0                
1676378232        4694298          89593892914       8553780845       17042807          1449761955411    18557446784       11413647         1489493286353     1742851674577    190436            144417040322     0                 380044           83886080          0                
1676378242        4694624          89593925918       8553798961       17042811          1449761955411    18557446784       11413649         1489493286353     1742851674577    190438            144417040322     0                 380048           83886080          0                
1676378253        4694949          89593958922       8553817077       17042811          1449761955411    18557446784       11413649         1489493286353     1742851674577    190438            144417040322     0                 380048           83886080          0                
1676378263        4695274          89593991928       8553835194       17042811          1449761955411    18557446784       11413649         1489493286353     1742851674577    190438            144417040322     0                 380048           83886080          0                
1676378273        4695600          89594024934       8553853311       17042815          1449761955411    18557446784       11413651         1489493286353     1742851674577    190440            144417040322     0                 380052           83886080          0                
1676378283        4695925          89594057940       8553871428       17042815          1449761955411    18557446784       11413651         1489493286353     1742851674577    190440            144417040322     0                 380052           83886080          0                
1676378294        4696252          89594090946       8553889545       17042819          1449761955411    18557446784       11413653         1489493286353     1742851674577    190442            144417040322     0                 380056           83886080          0                
1676378304        4696577          89594123952       8553907662       17042819          1449761955411    18557446784       11413653         1489493286353     1742851674577    190442            144417040322     0                 380056           83886080          0                
1676378314        4696902          89594156958       8553925779       17042819          1449761955411    18557446784       11413653         1489493286353     1742851674577    190442            144417040322     0                 380056           83886080          0                
1676378325        4697228          89594189964       8553943896       17042823          1449761955411    18557446784       11413655         1489493286353     1742851674577    190444            144417040322     0                 380060           83886080          0                
1676378335        4697553          89594222970       8553962013       17042823          1449761955411    18557446784       11413655         1489493286353     1742851674577    190444            144417040322     0                 380060           83886080          0                
1676378345        4697877          89594255976       8553980130       17042827          1449761955411    18557446784       11413657         1489493286353     1742851674577    190446            144417040322     0                 380064           83886080          0                
1676378356        4698204          89594288982       8553998247       17042827          1449761955411    18557446784       11413657         1489493286353     1742851674577    190446            144417040322     0                 380064           83886080          0                
1676378366        4698529          89594321988       8554016364       17042827          1449761955411    18557446784       11413657         1489493286353     1742851674577    190446            144417040322     0                 380064           83886080          0                
1676378376        4698855          89594354994       8554034481       17042831          1449761955411    18557446784       11413659         1489493286353     1742851674577    190448            144417040322     0                 380068           83886080          0                
1676378387        4699180          89594388000       8554052598       17042831          1449761955411    18557446784       11413659         1489493286353     1742851674577    190448            144417040322     0                 380068           83886080          0                
1676378397        4699506          89594421006       8554070715       17042835          1449761955411    18557446784       11413661         1489493286353     1742851674577    190450            144417040322     0                 380072           83886080          0                
1676378407        4699831          89594454012       8554088832       17042835          1449761955411    18557446784       11413661         1489493286353     1742851674577    190450            144417040322     0                 380072           83886080          0                
1676378418        4700158          89594487018       8554106949       17042839          1449761955411    18557446784       11413663         1489493286353     1742851674577    190452            144417040322     0                 380076           83886080          0                
1676378428        4700482          89594520024       8554125066       17042839          1449761955411    18557446784       11413663         1489493286353     1742851674577    190452            144417040322     0                 380076           83886080          0                
1676378438        4700808          89594553030       8554143183       17042839          1449761955411    18557446784       11413663         1489493286353     1742851674577    190452            144417040322     0                 380076           83886080          0                
1676378449        4701134          89594586036       8554161300       17042843          1449761955411    18557446784       11413665         1489493286353     1742851674577    190454            144417040322     0                 380080           83886080          0                
1676378459        4701458          89594619042       8554179417       17042843          1449761955411    18557446784       11413665         1489493286353     1742851674577    190454            144417040322     0                 380080           83886080          0                
1676378469        4701786          89594652048       8554197534       17042847          1449761955411    18557446784       11413667         1489493286353     1742851674577    190456            144417040322     0                 380084           83886080          0                
1676378480        4702110          89594685054       8554215651       17042847          1449761955411    18557446784       11413667         1489493286353     1742851674577    190456            144417040322     0                 380084           83886080          0                
1676378490        4702436          89594718058       8554233767       17042847          1449761955411    18557446784       11413667         1489493286353     1742851674577    190456            144417040322     0                 380084           83886080          0                
1676378500        4702762          89594751064       8554251884       17042851          1449761955411    18557446784       11413669         1489493286353     1742851674577    190458            144417040322     0                 380088           83886080          0                
1676378511        4703087          89594784070       8554270001       17042851          1449761955411    18557446784       11413669         1489493286353     1742851674577    190458            144417040322     0                 380088           83886080          0                
1676378521        4703413          89594817076       8554288118       17042855          1449761955411    18557446784       11413671         1489493286353     1742851674577    190460            144417040322     0                 380092           83886080          0                
1676378531        4703737          89594850082       8554306235       17042855          1449761955411    18557446784       11413671         1489493286353     1742851674577    190460            144417040322     0                 380092           83886080          0                
1676378541        4704064          89594883088       8554324352       17042859          1449761955411    18557446784       11413673         1489493286353     1742851674577    190462            144417040322     0                 380096           83886080          0                
1676378552        4704388          89594916094       8554342469       17042859          1449761955411    18557446784       11413673         1489493286353     1742851674577    190462            144417040322     0                 380096           83886080          0                
1676378562        4704714          89594949100       8554360586       17042859          1449761955411    18557446784       11413673         1489493286353     1742851674577    190462            144417040322     0                 380096           83886080          0                
1676378572        4705040          89594982106       8554378703       17042863          1449761955411    18557446784       11413675         1489493286353     1742851674577    190464            144417040322     0                 380100           83886080          0                
1676378583        4705365          89595015112       8554396820       17042863          1449761955411    18557446784       11413675         1489493286353     1742851674577    190464            144417040322     0                 380100           83886080          0                
1676378593        4705692          89595048120       8554414938       17042867          1449761955411    18557446784       11413677         1489493286353     1742851674577    190466            144417040322     0                 380104           83886080          0                
1676378603        4706017          89595081128       8554433056       17042867          1449761955411    18557446784       11413677         1489493286353     1742851674577    190466            144417040322     0                 380104           83886080          0                
1676378614        4706342          89595114136       8554451174       17042867          1449761955411    18557446784       11413677         1489493286353     1742851674577    190466            144417040322     0                 380104           83886080          0                
1676378624        4706667          89595147144       8554469292       17042871          1449761955411    18557446784       11413679         1489493286353     1742851674577    190468            144417040322     0                 380108           83886080          0                
1676378634        4706993          89595180152       8554487410       17042871          1449761955411    18557446784       11413679         1489493286353     1742851674577    190468            144417040322     0                 380108           83886080          0                
1676378645        4707318          89595213160       8554505528       17042875          1449761955411    18557446784       11413681         1489493286353     1742851674577    190470            144417040322     0                 380112           83886080          0                
1676378655        4707644          89595246168       8554523646       17042875          1449761955411    18557446784       11413681         1489493286353     1742851674577    190470            144417040322     0                 380112           83886080          0                
1676378665        4707969          89595279176       8554541764       17042875          1449761955411    18557446784       11413681         1489493286353     1742851674577    190470            144417040322     0                 380112           83886080          0                
1676378676        4708295          89595312184       8554559882       17042879          1449761955411    18557446784       11413683         1489493286353     1742851674577    190472            144417040322     0                 380116           83886080          0                
1676378686        4708620          89595345192       8554578000       17042879          1449761955411    18557446784       11413683         1489493286353     1742851674577    190472            144417040322     0                 380116           83886080          0                
1676378696        4708946          89595378200       8554596118       17042883          1449761955411    18557446784       11413685         1489493286353     1742851674577    190474            144417040322     0                 380120           83886080          0                
1676378707        4709271          89595411208       8554614236       17042883          1449761955411    18557446784       11413685         1489493286353     1742851674577    190474            144417040322     0                 380120           83886080          0                
1676378717        4709597          89595444214       8554632353       17042887          1449761955411    18557446784       11413687         1489493286353     1742851674577    190476            144417040322     0                 380124           83886080          0                
1676378727        4709920          89595477222       8554650471       17042887          1449761955411    18557446784       11413687         1489493286353     1742851674577    190476            144417040322     0                 380124           83886080          0                
1676378738        4710247          89595510230       8554668589       17042887          1449761955411    18557446784       11413687         1489493286353     1742851674577    190476            144417040322     0                 380124           83886080          0                
1676378748        4710573          89595543238       8554686707       17042891          1449761955411    18557446784       11413689         1489493286353     1742851674577    190478            144417040322     0                 380128           83886080          0                
1676378758        4710898          89595576246       8554704825       17042891          1449761955411    18557446784       11413689         1489493286353     1742851674577    190478            144417040322     0                 380128           83886080          0                
1676378769        4711223          89595609254       8554722943       17042895          1449761955411    18557446784       11413691         1489493286353     1742851674577    190480            144417040322     0                 380132           83886080          0                
1676378779        4711550          89595642262       8554741061       17042895          1449761955411    18557446784       11413691         1489493286353     1742851674577    190480            144417040322     0                 380132           83886080          0                
1676378789        4711875          89595675270       8554759179       17042895          1449761955411    18557446784       11413691         1489493286353     1742851674577    190480            144417040322     0                 380132           83886080          0                
1676378800        4712198          89595708278       8554777297       17042899          1449761955411    18557446784       11413693         1489493286353     1742851674577    190482            144417040322     0                 380136           83886080          0                
1676378810        4712526          89595741286       8554795415       17042899          1449761955411    18557446784       11413693         1489493286353     1742851674577    190482            144417040322     0                 380136           83886080          0                
1676378820        4712852          89595774294       8554813533       17042903          1449761955411    18557446784       11413695         1489493286353     1742851674577    190484            144417040322     0                 380140           83886080          0                
1676378831        4713176          89595807302       8554831651       17042903          1449761955411    18557446784       11413695         1489493286353     1742851674577    190484            144417040322     0                 380140           83886080          0                
1676378841        4713501          89595840310       8554849769       17042903          1449761955411    18557446784       11413695         1489493286353     1742851674577    190484            144417040322     0                 380140           83886080          0                
1676378851        4713828          89595873318       8554867887       17042907          1449761955411    18557446784       11413697         1489493286353     1742851674577    190486            144417040322     0                 380144           83886080          0                
1676378861        4714153          89595906326       8554886005       17042907          1449761955411    18557446784       11413697         1489493286353     1742851674577    190486            144417040322     0                 380144           83886080          0                
1676378872        4714479          89595939334       8554904123       17042911          1449761955411    18557446784       11413699         1489493286353     1742851674577    190488            144417040322     0                 380148           83886080          0                
1676378882        4714804          89595972342       8554922241       17042911          1449761955411    18557446784       11413699         1489493286353     1742851674577    190488            144417040322     0                 380148           83886080          0                
1676378892        4715131          89596005350       8554940359       17042915          1449761955411    18557446784       11413701         1489493286353     1742851674577    190490            144417040322     0                 380152           83886080          0                
1676378903        4715454          89596038358       8554958510       17042915          1449761955411    18557446784       11413701         1489493286353     1742851674577    190490            144417040322     0                 380152           83886080          0                
1676378913        4715781          89596071366       8554976628       17042915          1449761955411    18557446784       11413701         1489493286353     1742851674577    190490            144417040322     0                 380152           83886080          0                
1676378923        4716106          89596104374       8554994779       17042919          1449761955411    18557446784       11413703         1489493286353     1742851674577    190492            144417040322     0                 380156           83886080          0                
1676378934        4716432          89596137382       8555012897       17042919          1449761955411    18557446784       11413703         1489493286353     1742851674577    190492            144417040322     0                 380156           83886080          0                
1676378944        4716759          89596170390       8555031015       17042923          1449761955411    18557446784       11413705         1489493286353     1742851674577    190494            144417040322     0                 380160           83886080          0                
1676378954        4717084          89596203398       8555049135       17042923          1449761955411    18557446784       11413705         1489493286353     1742851674577    190494            144417040322     0                 380160           83886080          0                
1676378965        4717409          89596236406       8555067253       17042923          1449761955411    18557446784       11413705         1489493286353     1742851674577    190494            144417040322     0                 380160           83886080          0                
1676378975        4717735          89596269414       8555085371       17042927          1449761955411    18557446784       11413707         1489493286353     1742851674577    190496            144417040322     0                 380164           83886080          0                
1676378985        4718060          89596302422       8555103490       17042927          1449761955411    18557446784       11413707         1489493286353     1742851674577    190496            144417040322     0                 380164           83886080          0                
1676378996        4718386          89596335430       8555121609       17042931          1449761955411    18557446784       11413709         1489493286353     1742851674577    190498            144417040322     0                 380168           83886080          0                
1676379006        4718711          89596368436       8555139726       17042931          1449761955411    18557446784       11413709         1489493286353     1742851674577    190498            144417040322     0                 380168           83886080          0                
1676379016        4719037          89596401444       8555157844       17042935          1449761955411    18557446784       11413711         1489493286353     1742851674577    190500            144417040322     0                 380172           83886080          0                
1676379027        4719362          89596434452       8555175962       17042935          1449761955411    18557446784       11413711         1489493286353     1742851674577    190500            144417040322     0                 380172           83886080          0                
1676379037        4719686          89596467460       8555194080       17042935          1449761955411    18557446784       11413711         1489493286353     1742851674577    190500            144417040322     0                 380172           83886080          0                
1676379047        4720013          89596500468       8555212198       17042939          1449761955411    18557446784       11413713         1489493286353     1742851674577    190502            144417040322     0                 380176           83886080          0                
1676379058        4720336          89596533476       8555230316       17042939          1449761955411    18557446784       11413713         1489493286353     1742851674577    190502            144417040322     0                 380176           83886080          0                
1676379068        4720665          89596566484       8555248434       17042943          1449761955411    18557446784       11413715         1489493286353     1742851674577    190504            144417040322     0                 380180           83886080          0                
1676379078        4720990          89596599492       8555266552       17042943          1449761955411    18557446784       11413715         1489493286353     1742851674577    190504            144417040322     0                 380180           83886080          0                
1676379089        4721315          89596632500       8555284670       17042943          1449761955411    18557446784       11413715         1489493286353     1742851674577    190504            144417040322     0                 380180           83886080          0                
1676379099        4721641          89596665508       8555302788       17042947          1449761955411    18557446784       11413717         1489493286353     1742851674577    190506            144417040322     0                 380184           83886080          0                
1676379109        4721966          89596698516       8555320906       17042947          1449761955411    18557446784       11413717         1489493286353     1742851674577    190506            144417040322     0                 380184           83886080          0                
1676379120        4722290          89596731524       8555339024       17042951          1449761955411    18557446784       11413719         1489493286353     1742851674577    190508            144417040322     0                 380188           83886080          0                
1676379130        4722617          89596764532       8555357144       17042951          1449761955411    18557446784       11413719         1489493286353     1742851674577    190508            144417040322     0                 380188           83886080          0                
1676379140        4722942          89596797540       8555375286       17042951          1449761955411    18557446784       11413719         1489493286353     1742851674577    190508            144417040322     0                 380188           83886080          0                
1676379151        4723268          89596830548       8555393404       17042955          1449761955411    18557446784       11413721         1489493286353     1742851674577    190510            144417040322     0                 380192           83886080          0                
1676379161        4723592          89596863556       8555411522       17042955          1449761955411    18557446784       11413721         1489493286353     1742851674577    190510            144417040322     0                 380192           83886080          0                
1676379171        4723919          89596896564       8555429640       17042959          1449761955411    18557446784       11413723         1489493286353     1742851674577    190512            144417040322     0                 380196           83886080          0                
1676379182        4724244          89596929572       8555447758       17042959          1449761955411    18557446784       11413723         1489493286353     1742851674577    190512            144417040322     0                 380196           83886080          0                
1676379192        4724570          89596962580       8555465876       17042963          1449761955411    18557446784       11413725         1489493286353     1742851674577    190514            144417040322     0                 380200           83886080          0                
1676379202        4724895          89596995588       8555483994       17042963          1449761955411    18557446784       11413725         1489493286353     1742851674577    190514            144417040322     0                 380200           83886080          0                
1676379213        4725220          89597028596       8555502145       17042963          1449761955411    18557446784       11413725         1489493286353     1742851674577    190514            144417040322     0                 380200           83886080          0                
1676379223        4725545          89597061604       8555520263       17042967          1449761955411    18557446784       11413727         1489493286353     1742851674577    190516            144417040322     0                 380204           83886080          0                
1676379233        4725871          89597094612       8555538381       17042967          1449761955411    18557446784       11413727         1489493286353     1742851674577    190516            144417040322     0                 380204           83886080          0                
1676379244        4726198          89597127620       8555556499       17042971          1449761955411    18557446784       11413729         1489493286353     1742851674577    190518            144417040322     0                 380208           83886080          0                
1676379254        4726522          89597160628       8555574617       17042971          1449761955411    18557446784       11413729         1489493286353     1742851674577    190518            144417040322     0                 380208           83886080          0                
1676379264        4726848          89597193636       8555592735       17042971          1449761955411    18557446784       11413729         1489493286353     1742851674577    190518            144417040322     0                 380208           83886080          0                
1676379275        4727174          89597226644       8555610886       17042975          1449761955411    18557446784       11413731         1489493286353     1742851674577    190520            144417040322     0                 380212           83886080          0                
1676379285        4727494          89597259652       8555629004       17042975          1449761955411    18557446784       11413731         1489493286353     1742851674577    190520            144417040322     0                 380212           83886080          0                
1676379295        4727824          89597292660       8555647122       17042979          1449761955411    18557446784       11413733         1489493286353     1742851674577    190522            144417040322     0                 380216           83886080          0                
1676379306        4728150          89597325668       8555665273       17042979          1449761955411    18557446784       11413733         1489493286353     1742851674577    190522            144417040322     0                 380216           83886080          0                
1676379316        4728474          89597358676       8555683391       17042983          1449761955411    18557446784       11413735         1489493286353     1742851674577    190524            144417040322     0                 380220           83886080          0                
1676379327        4728801          89597391684       8555701509       17042983          1449761955411    18557446784       11413735         1489493286353     1742851674577    190524            144417040322     0                 380220           83886080          0                
1676379337        4729125          89597424692       8555719628       17042983          1449761955411    18557446784       11413735         1489493286353     1742851674577    190524            144417040322     0                 380220           83886080          0                
1676379347        4729451          89597457700       8555737746       17042987          1449761955411    18557446784       11413737         1489493286353     1742851674577    190526            144417040322     0                 380224           83886080          0                
1676379358        4729777          89597490708       8555755864       17042987          1449761955411    18557446784       11413737         1489493286353     1742851674577    190526            144417040322     0                 380224           83886080          0                
1676379368        4730097          89597523718       8555773983       17042991          1449761955411    18557446784       11413739         1489493286353     1742851674577    190528            144417040322     0                 380228           83886080          0                
1676379378        4730429          89597556728       8555792135       17042991          1449761955411    18557446784       11413739         1489493286353     1742851674577    190528            144417040322     0                 380228           83886080          0                
1676379389        4730754          89597589738       8555810254       17042991          1449761955411    18557446784       11413739         1489493286353     1742851674577    190528            144417040322     0                 380228           83886080          0                
1676379399        4731079          89597622748       8555828373       17042995          1449761955411    18557446784       11413741         1489493286353     1742851674577    190530            144417040322     0                 380232           83886080          0                
1676379409        4731405          89597655758       8555846492       17042995          1449761955411    18557446784       11413741         1489493286353     1742851674577    190530            144417040322     0                 380232           83886080          0                
1676379420        4731730          89597688768       8555864644       17042999          1449761955411    18557446784       11413743         1489493286353     1742851674577    190532            144417040322     0                 380236           83886080          0                
1676379430        4732056          89597721778       8555882763       17042999          1449761955411    18557446784       11413743         1489493286353     1742851674577    190532            144417040322     0                 380236           83886080          0                
1676379440        4732378          89597754788       8555900915       17042999          1449761955411    18557446784       11413743         1489493286353     1742851674577    190532            144417040322     0                 380236           83886080          0                
1676379451        4732704          89597787798       8555919034       17043003          1449761955411    18557446784       11413745         1489493286353     1742851674577    190534            144417040322     0                 380240           83886080          0                
1676379461        4733032          89597820808       8555937154       17043003          1449761955411    18557446784       11413745         1489493286353     1742851674577    190534            144417040322     0                 380240           83886080          0                
1676379471        4733357          89597853818       8555955273       17043007          1449761955411    18557446784       11413747         1489493286353     1742851674577    190536            144417040322     0                 380244           83886080          0                
1676379481        4733683          89597886828       8555973424       17043007          1449761955411    18557446784       11413747         1489493286353     1742851674577    190536            144417040322     0                 380244           83886080          0                
1676379492        4734009          89597919838       8555991543       17043011          1449761955411    18557446784       11413749         1489493286353     1742851674577    190538            144417040322     0                 380248           83886080          0                
1676379502        4734334          89597952848       8556009662       17043011          1449761955411    18557446784       11413749         1489493286353     1742851674577    190538            144417040322     0                 380248           83886080          0                
1676379512        4734658          89597985858       8556027781       17043011          1449761955411    18557446784       11413749         1489493286353     1742851674577    190538            144417040322     0                 380248           83886080          0                
1676379523        4734985          89598018868       8556045900       17043015          1449761955411    18557446784       11413751         1489493286353     1742851674577    190540            144417040322     0                 380252           83886080          0                
1676379533        4735310          89598051878       8556064029       17043015          1449761955411    18557446784       11413751         1489493286353     1742851674577    190540            144417040322     0                 380252           83886080          0                
1676379543        4735636          89598084888       8556082181       17043019          1449761955411    18557446784       11413753         1489493286353     1742851674577    190542            144417040322     0                 380256           83886080          0                
1676379554        4735962          89598117898       8556100333       17043019          1449761955411    18557446784       11413753         1489493286353     1742851674577    190542            144417040322     0                 380256           83886080          0                
1676379564        4736287          89598150908       8556118452       17043019          1449761955411    18557446784       11413753         1489493286353     1742851674577    190542            144417040322     0                 380256           83886080          0                
1676379574        4736609          89598183918       8556136571       17043023          1449761955411    18557446784       11413755         1489493286353     1742851674577    190544            144417040322     0                 380260           83886080          0                
1676379585        4736938          89598216928       8556154690       17043023          1449761955411    18557446784       11413755         1489493286353     1742851674577    190544            144417040322     0                 380260           83886080          0                
1676379595        4737264          89598249938       8556172809       17043027          1449761955411    18557446784       11413757         1489493286353     1742851674577    190546            144417040322     0                 380264           83886080          0                
1676379605        4737589          89598282948       8556190928       17043027          1449761955411    18557446784       11413757         1489493286353     1742851674577    190546            144417040322     0                 380264           83886080          0                
1676379616        4737914          89598315958       8556209047       17043027          1449761955411    18557446784       11413757         1489493286353     1742851674577    190546            144417040322     0                 380264           83886080          0                
1676379626        4738239          89598348968       8556227166       17043031          1449761955411    18557446784       11413759         1489493286353     1742851674577    190548            144417040322     0                 380268           83886080          0                
1676379636        4738562          89598381978       8556245285       17043031          1449761955411    18557446784       11413759         1489493286353     1742851674577    190548            144417040322     0                 380268           83886080          0                
1676379647        4738891          89598414988       8556263404       17043035          1449761955411    18557446784       11413761         1489493286353     1742851674577    190550            144417040322     0                 380272           83886080          0                
1676379657        4739215          89598447998       8556281523       17043035          1449761955411    18557446784       11413761         1489493286353     1742851674577    190550            144417040322     0                 380272           83886080          0                
1676379667        4739542          89598481008       8556299642       17043039          1449761955411    18557446784       11413763         1489493286353     1742851674577    190552            144417040322     0                 380276           83886080          0                
1676379678        4739867          89598514018       8556317761       17043039          1449761955411    18557446784       11413763         1489493286353     1742851674577    190552            144417040322     0                 380276           83886080          0                
1676379688        4740191          89598547028       8556335880       17043039          1449761955411    18557446784       11413763         1489493286353     1742851674577    190552            144417040322     0                 380276           83886080          0                
1676379698        4740518          89598580038       8556353999       17043043          1449761955411    18557446784       11413765         1489493286353     1742851674577    190554            144417040322     0                 380280           83886080          0                
1676379709        4740843          89598613048       8556372118       17043043          1449761955411    18557446784       11413765         1489493286353     1742851674577    190554            144417040322     0                 380280           83886080          0                
1676379719        4741169          89598646058       8556390237       17043047          1449761955411    18557446784       11413767         1489493286353     1742851674577    190556            144417040322     0                 380284           83886080          0                
1676379729        4741495          89598679068       8556408356       17043047          1449761955411    18557446784       11413767         1489493286353     1742851674577    190556            144417040322     0                 380284           83886080          0                
1676379740        4741819          89598712078       8556426475       17043047          1449761955411    18557446784       11413767         1489493286353     1742851674577    190556            144417040322     0                 380284           83886080          0                
1676379750        4742144          89598745088       8556444594       17043051          1449761955411    18557446784       11413769         1489493286353     1742851674577    190558            144417040322     0                 380288           83886080          0                
1676379760        4742471          89598778098       8556462713       17043051          1449761955411    18557446784       11413769         1489493286353     1742851674577    190558            144417040322     0                 380288           83886080          0                
1676379771        4742797          89598811108       8556480832       17043055          1449761955411    18557446784       11413771         1489493286353     1742851674577    190560            144417040322     0                 380292           83886080          0                
1676379781        4743122          89598844118       8556498951       17043055          1449761955411    18557446784       11413771         1489493286353     1742851674577    190560            144417040322     0                 380292           83886080          0                
1676379791        4743448          89598877128       8556517070       17043059          1449761955411    18557446784       11413773         1489493286353     1742851674577    190562            144417040322     0                 380296           83886080          0                
1676379802        4743773          89598910138       8556535189       17043059          1449761955411    18557446784       11413773         1489493286353     1742851674577    190562            144417040322     0                 380296           83886080          0                
1676379812        4744098          89598943148       8556553308       17043059          1449761955411    18557446784       11413773         1489493286353     1742851674577    190562            144417040322     0                 380296           83886080          0                
1676379822        4744424          89598976158       8556571427       17043063          1449761955411    18557446784       11413775         1489493286353     1742851674577    190564            144417040322     0                 380300           83886080          0                
1676379833        4744748          89599009168       8556589546       17043063          1449761955411    18557446784       11413775         1489493286353     1742851674577    190564            144417040322     0                 380300           83886080          0                
1676379843        4745074          89599042178       8556607665       17043067          1449761955411    18557446784       11413777         1489493286353     1742851674577    190566            144417040322     0                 380304           83886080          0                
1676379853        4745401          89599075188       8556625784       17043067          1449761955411    18557446784       11413777         1489493286353     1742851674577    190566            144417040322     0                 380304           83886080          0                
1676379864        4745726          89599108198       8556643935       17043067          1449761955411    18557446784       11413777         1489493286353     1742851674577    190566            144417040322     0                 380304           83886080          0                
1676379874        4746052          89599141208       8556662054       17043071          1449761955411    18557446784       11413779         1489493286353     1742851674577    190568            144417040322     0                 380308           83886080          0                
1676379884        4746376          89599174218       8556680206       17043071          1449761955411    18557446784       11413779         1489493286353     1742851674577    190568            144417040322     0                 380308           83886080          0                
1676379895        4746703          89599207228       8556698325       17043075          1449761955411    18557446784       11413781         1489493286353     1742851674577    190570            144417040322     0                 380312           83886080          0                
1676379905        4747026          89599240238       8556716445       17043075          1449761955411    18557446784       11413781         1489493286353     1742851674577    190570            144417040322     0                 380312           83886080          0                
1676379915        4747353          89599273248       8556734564       17043075          1449761955411    18557446784       11413781         1489493286353     1742851674577    190570            144417040322     0                 380312           83886080          0                
1676379926        4747679          89599306258       8556752716       17043079          1449761955411    18557446784       11413783         1489493286353     1742851674577    190572            144417040322     0                 380316           83886080          0                
1676379936        4748001          89599339268       8556770835       17043079          1449761955411    18557446784       11413783         1489493286353     1742851674577    190572            144417040322     0                 380316           83886080          0                
1676379946        4748330          89599372278       8556788954       17043083          1449761955411    18557446784       11413785         1489493286353     1742851674577    190574            144417040322     0                 380320           83886080          0                
1676379957        4748655          89599405288       8556807073       17043083          1449761955411    18557446784       11413785         1489493286353     1742851674577    190574            144417040322     0                 380320           83886080          0                
1676379967        4748981          89599438298       8556825192       17043087          1449761955411    18557446784       11413787         1489493286353     1742851674577    190576            144417040322     0                 380324           83886080          0                
1676379977        4749305          89599471308       8556843344       17043087          1449761955411    18557446784       11413787         1489493286353     1742851674577    190576            144417040322     0                 380324           83886080          0                
1676379988        4749631          89599504318       8556861463       17043087          1449761955411    18557446784       11413787         1489493286353     1742851674577    190576            144417040322     0                 380324           83886080          0                
1676379998        4749955          89599537328       8556879582       17043091          1449761955411    18557446784       11413789         1489493286353     1742851674577    190578            144417040322     0                 380328           83886080          0                
1676380008        4750281          89599570338       8556897701       17043091          1449761955411    18557446784       11413789         1489493286353     1742851674577    190578            144417040322     0                 380328           83886080          0                
1676380018        4750608          89599603348       8556915820       17043095          1449761955411    18557446784       11413791         1489493286353     1742851674577    190580            144417040322     0                 380332           83886080          0                
1676380029        4750934          89599636356       8556933938       17043095          1449761955411    18557446784       11413791         1489493286353     1742851674577    190580            144417040322     0                 380332           83886080          0                
1676380039        4751259          89599669366       8556952057       17043095          1449761955411    18557446784       11413791         1489493286353     1742851674577    190580            144417040322     0                 380332           83886080          0                
1676380050        4751584          89599702376       8556970176       17043099          1449761955411    18557446784       11413793         1489493286353     1742851674577    190582            144417040322     0                 380336           83886080          0                
1676380061        4751910          89599735386       8556988295       17043099          1449761955411    18557446784       11413793         1489493286353     1742851674577    190582            144417040322     0                 380336           83886080          0                
1676380072        4752234          89599768398       8557006415       17043103          1449761955411    18557446784       11413795         1489493286353     1742851674577    190584            144417040322     0                 380340           83886080          0                
1676380082        4752559          89599801410       8557024568       17043103          1449761955411    18557446784       11413795         1489493286353     1742851674577    190584            144417040322     0                 380340           83886080          0                
1676380094        4752887          89599834422       8557042688       17043107          1449761955411    18557446784       11413797         1489493286353     1742851674577    190586            144417040322     0                 380344           83886080          0                
1676380104        4753211          89599867434       8557060808       17043107          1449761955411    18557446784       11413797         1489493286353     1742851674577    190586            144417040322     0                 380344           83886080          0                
1676380114        4753538          89599900446       8557078928       17043107          1449761955411    18557446784       11413797         1489493286353     1742851674577    190586            144417040322     0                 380344           83886080          0                
1676380125        4753864          89599933458       8557097048       17043111          1449761955411    18557446784       11413799         1489493286353     1742851674577    190588            144417040322     0                 380348           83886080          0                
1676380135        4754189          89599966470       8557115168       17043111          1449761955411    18557446784       11413799         1489493286353     1742851674577    190588            144417040322     0                 380348           83886080          0                
1676380146        4754515          89599999482       8557133320       17043115          1449761955411    18557446784       11413801         1489493286353     1742851674577    190590            144417040322     0                 380352           83886080          0                
1676380156        4754840          89600032494       8557151441       17043115          1449761955411    18557446784       11413801         1489493286353     1742851674577    190590            144417040322     0                 380352           83886080          0                
1676380166        4755138          89600040140       8557156878       17043115          1449761955411    18557446784       11413801         1489493286353     1742851674577    190590            144417040322     0                 380352           83886080          0                
