      time tx_packets rx_packets        tx_bytes        rx_bytes  tx_errors tx_dropped rx_frame_errors rx_crc_errors
1676376859         14         15            1514            1307          0          0          0          0
1676376869         90        123            9432            9271          0          0          0          0
1676376880         78        107            8268            8110          0          0          0          0
1676376890         79        106            8310            8050          0          0          0          0
1676376900         84        114            8904            8660          0          0          0          0
1676376910         85        115            8946            8720          0          0          0          0
1676376921         88        121            9264            9145          0          0          0          0
1676376931         87        122            9222            9205          0          0          0          0
1676376941         85        117            8946            8840          0          0          0          0
1676376952         91        124            9582            9390          0          0          0          0
1676376962         85        115            8946            8720          0          0          0          0
1676376972         85        112            8884            8618          0          0          0          0
1676376983         81        111            8586            8415          0          0          0          0
1676376993         89        122            9306            9205          0          0          0          0
1676377003         81        109            8586            8295          0          0          0          0
1676377014         84        115            8904            8720          0          0          0          0
1676377024         86        120            9060            9073          0          0          0          0
1676377034         79        106            8310            8050          0          0          0          0
1676377045         81        115            8586            8655          0          0          0          0
1676377055         82        129            8628            9495          0          0          0          0
1676377065         87        173            9222           12265          0          0          0          0
1676377076         80        116            8484            8709          0          0          0          0
1676377087         98        249           10260           17020          0          0          0          0
1676377098         87        120            9222            9085          0          0          0          0
1676377108        106        131           26045           10354          0          0          0          0
1676377118         76        103            7932            7799          0          0          0          0
1676377129         84        116            8844            8774          0          0          0          0
1676377139         86        120            9096            9145          0          0          0          0
1676377149         83        112            8754            8415          0          0          0          0
1676377160         79        107            8382            8163          0          0          0          0
1676377170         93        125            9736            9587          0          0          0          0
1676377181         84        113            8844            8594          0          0          0          0
1676377191         81        113            8586            8535          0          0          0          0
1676377202         86        201            9115           13886          0          0          0          0
1676377212         83        113            8670            8535          0          0          0          0
1676377222         84        115            8904            8720          0          0          0          0
1676377233         77        116            8142            8710          0          0          0          0
1676377243         88        131            9812            9929          0          0          0          0
1676377253        128        133           44988           50129          0          0          0          0
1676377264         41        108            5274            7948          0          0          0          0
1676377274          0          6               0             360          0          0          0          0
1676377284          0          2               0             120          0          0          0          0
1676377295          4         10            1000             986          0          0          0          0
1676377305          4          7             728             666          0          0          0          0
1676377315          8         11            5888            3375          0          0          0          0
1676377326          0          4               0             240          0          0          0          0
1676377336          0          2               0             120          0          0          0          0
1676377349        129        147           34358           22658          0          0          0          0
1676377365         76         80           19238           11662          0          0          0          0
1676377381         78         80           19728           12562          0          0          0          0
1676377398         71         78           17698           11512          0          0          0          0
1676377417        110        102           39462           15357          0          0          0          0
1676377437         68         68           17464           10954          0          0          0          0
1676377453         19         24            4534            3056          0          0          0          0
1676377475          0         54               0            3240          0          0          0          0
1676377503          1          8              90             510          0          0          0          0
1676377530          7         23            1214            2184          0          0          0          0
1676377561          0          9               0             540          0          0          0          0
1676377584          6         20             574            1408          0          0          0          0
1676377615          0         44               0            2700          0          0          0          0
1676377645          0         21               0            1200          0          0          0          0
1676377674          0         87               0            5220          0          0          0          0
1676377702          3         43             954            2628          0          0          0          0
1676377728         20         32           17283            2589          0          0          0          0
1676377760          0         45               0            2640          0          0          0          0
1676377791          7         65             616            4108          0          0          0          0
1676377815         40        268            8774           20316          0          0          0          0
1676377841         12         23            1352            1952          0          0          0          0
1676377868          0          9               0             480          0          0          0          0
1676377900          0          9               0             540          0          0          0          0
1676377929          2         12             164             764          0          0          0          0
1676377960          0         16               0             960          0          0          0          0
1676377985          6         14             574            1048          0          0          0          0
1676378011         28         23           18357            2097          0          0          0          0
1676378041          0          9               0             540          0          0          0          0
1676378063          0          6               0             360          0          0          0          0
1676378086         13         18            1493            1354          0          0          0          0
1676378116          3          9             206             584          0          0          0          0
1676378146          0          5               0             300          0          0          0          0
1676378178          0         13               0             780          0          0          0          0
1676378200          0          9               0             540          0          0          0          0
1676378227          7         14            2126             876          0          0          0          0
1676378257          4         15             297             954          0          0          0          0
1676378287          6         10             574             808          0          0          0          0
1676378315         23         24           17643            2103          0          0          0          0
1676378344          4         19             164            1184          0          0          0          0
1676378376          0         11               0             660          0          0          0          0
1676378401          1         29             169            2826          0          0          0          0
1676378428          1         49              42            1860          0          0          0          0
1676378451          2         12             132             750          0          0          0          0
1676378477          6         64             574            4048          0          0          0          0
1676378505          0         15               0             960          0          0          0          0
1676378534         10         18             807            1182          0          0          0          0
1676378561          1          4              90             270          0          0          0          0
1676378593          0          5               0             300          0          0          0          0
1676378623         22         24           17649            2055          0          0          0          0
1676378652         11         18             848            1380          0          0          0          0
1676378680          7         16             780            1174          0          0          0          0
1676378703          9        361            1054           21914          0          0          0          0
1676378731          0         14               0             840          0          0          0          0
1676378758          2         11             248             666          0          0          0          0
1676378787          9         28             864            1894          0          0          0          0
1676378812          0          5               0             300          0          0          0          0
1676378833          0          7               0             420          0          0          0          0
1676378863          0         62               0            3720          0          0          0          0
1676378889          0        345               0           20700          0          0          0          0
1676378921         27         33           17897            2697          0          0          0          0
1676378948          2         14             164             884          0          0          0          0
1676378971          0          6               0             360          0          0          0          0
1676379001          6         56             574            4288          0          0          0          0
1676379023          2         63             211            3066          0          0          0          0
1676379052          6         22             510            1428          0          0          0          0
1676379079          1        380              42           22800          0          0          0          0
1676379104          0          8               0             480          0          0          0          0
1676379130          0         12               0             720          0          0          0          0
1676379156          0          9               0             540          0          0          0          0
1676379184          6         24             574            1648          0          0          0          0
1676379213         19         26           17180            2169          0          0          0          0
1676379239          1         12              42             720          0          0          0          0
1676379269          0         14               0             840          0          0          0          0
1676379298          3         13             546             971          0          0          0          0
1676379322          2         11              84             660          0          0          0          0
1676379350          0         18               0            1080          0          0          0          0
1676379372          0          8               0             480          0          0          0          0
1676379395          6         18             574            1288          0          0          0          0
1676379422          0        116               0            6960          0          0          0          0
1676379449          0         10               0             600          0          0          0          0
1676379476          0         10               0             600          0          0          0          0
1676379503          6         17             574            1228          0          0          0          0
1676379528         22         25           17439            2139          0          0          0          0
1676379552          0         14               0             840          0          0          0          0
1676379578          0         16               0             960          0          0          0          0
1676379608          2        482             211           28926          0          0          0          0
1676379633          1         16              90             990          0          0          0          0
1676379664          6        493             906           29610          0          0          0          0
1676379695          6         28             574            1888          0          0          0          0
1676379721          5        155             630           14231          0          0          0          0
1676379750          0        274               0           11700          0          0          0          0
1676379773          2         31             164            2024          0          0          0          0
1676379800          0         67               0            4020          0          0          0          0
1676379825         20         45           17467            3189          0          0          0          0
1676379848          0         45               0            2700          0          0          0          0
1676379875          0         31               0            1860          0          0          0          0
1676379904          6         32             574            2128          0          0          0          0
1676379935          0         20               0            1200          0          0          0          0
1676379961          0         57               0            3420          0          0          0          0
1676379983          0         17               0            1080          0          0          0          0
1676380005          0         16               0             960          0          0          0          0
1676380026          0         15               0             840          0          0          0          0
1676380055          0         17               0            1020          0          0          0          0
1676380081          1          8              42             480          0          0          0          0
1676380108          6         25             574            1708          0          0          0          0
1676380136         25         29           17985            2546          0          0          0          0
1676380164         17         23            2250            2198          0          0          0          0
