      time tx_packets rx_packets        tx_bytes        rx_bytes  tx_errors tx_dropped rx_frame_errors rx_crc_errors
1676376859          4          2             346             132          0          0          0          0
1676376869         56         32            4844            2088          0          0          0          0
1676376880         54         31            4671            2022          0          0          0          0
1676376890         52         26            4498            1716          0          0          0          0
1676376900         54         29            4671            1902          0          0          0          0
1676376911         57         31            4886            2028          0          0          0          0
1676376921         58         33            5017            2154          0          0          0          0
1676376931         58         35            5017            2274          0          0          0          0
1676376941         56         33            4844            2148          0          0          0          0
1676376952         61         34            5232            2220          0          0          0          0
1676376962         56         30            4844            1968          0          0          0          0
1676376972         59         34            5114            2404          0          0          0          0
1676376983         54         30            4671            1962          0          0          0          0
1676376993         59         34            5059            2214          0          0          0          0
1676377003         54         28            4671            1842          0          0          0          0
1676377014         56         31            4844            2028          0          0          0          0
1676377024         56         33            4844            2148          0          0          0          0
1676377034         55         29            4713            1902          0          0          0          0
1676377044         52         33            4498            2136          0          0          0          0
1676377055         54         46            4671            2922          0          0          0          0
1676377065         58         87            5017            5394          0          0          0          0
1676377075         56         37            4844            2388          0          0          0          0
1676377087         65        152            5751            9378          0          0          0          0
1676377098         58         33            4844            2088          0          0          0          0
1676377108         77         44           21344            3423          0          0          0          0
1676377118         51         28            4367            1830          0          0          0          0
1676377129         57         33            4886            2148          0          0          0          0
1676377139         56         32            4844            2088          0          0          0          0
1676377149         56         31            4844            2028          0          0          0          0
1676377160         54         28            4671            1842          0          0          0          0
1676377170         63         38            5460            2656          0          0          0          0
1676377180         56         29            4844            1908          0          0          0          0
1676377190         52         31            4498            2016          0          0          0          0
1676377201         56         45            4844            2928          0          0          0          0
1676377211         57        103            4923            6288          0          0          0          0
1676377221         54         31            4844            2028          0          0          0          0
1676377232         52         35            4325            2250          0          0          0          0
1676377242         62         46            5583            2946          0          0          0          0
1676377252         49         67            7161           39555          0          0          0          0
1676377263         99        134           39676           15360          0          0          0          0
1676377273          0          6               0             360          0          0          0          0
1676377283          0          2               0             120          0          0          0          0
1676377293          2          6             494             366          0          0          0          0
1676377304          3          3             396             186          0          0          0          0
1676377314          5          3            2991             192          0          0          0          0
1676377324          0          6               0             360          0          0          0          0
1676377335          0          2               0             120          0          0          0          0
1676377345         41         28            9896            1836          0          0          0          0
1676377355         42         46           10748            3006          0          0          0          0
1676377366         32         33            7134            2344          0          0          0          0
1676377376         20         21            5390            1380          0          0          0          0
1676377386         26         30            6520            1956          0          0          0          0
1676377397         17         21            4274            1356          0          0          0          0
1676377407         21         22            5396            1446          0          0          0          0
1676377417         49         41           23553            3243          0          0          0          0
1676377427         20         20            5350            1320          0          0          0          0
1676377438         18         18            4340            1182          0          0          0          0
1676377448          4          7            1038             444          0          0          0          0
1676377458          0          3               0             180          0          0          0          0
1676377469          0         51               0            3060          0          0          0          0
1676377479          0          2               0             120          0          0          0          0
1676377489          0          1               0              60          0          0          0          0
1676377500          0          5               0             300          0          0          0          0
1676377510          2          4             912             252          0          0          0          0
1676377520          1          3              42             180          0          0          0          0
1676377531          1         14              90             870          0          0          0          0
1676377541          0          1               0              60          0          0          0          0
1676377551          0          1               0              60          0          0          0          0
1676377561          0          7               0             420          0          0          0          0
1676377572          6         13             574             988          0          0          0          0
1676377582          0          5               0             300          0          0          0          0
1676377592          0         11               0             660          0          0          0          0
1676377603          1         20              90            1230          0          0          0          0
1676377613          0         16               0             960          0          0          0          0
1676377623          0          9               0             540          0          0          0          0
1676377634          0          5               0             300          0          0          0          0
1676377644          0          7               0             420          0          0          0          0
1676377654          0         11               0             660          0          0          0          0
1676377665          1         14              90             870          0          0          0          0
1676377675          1         67              90            4050          0          0          0          0
1676377685          1         14              42             840          0          0          0          0
1676377696          0         14               0             840          0          0          0          0
1676377706          0         11               0             660          0          0          0          0
1676377716         20         20           16748            1809          0          0          0          0
1676377726          0          8               0             480          0          0          0          0
1676377737          0         24               0            1440          0          0          0          0
1676377747          0         16               0             960          0          0          0          0
1676377757          0          6               0             360          0          0          0          0
1676377768          7         15             616            1108          0          0          0          0
1676377778          0         47               0            2820          0          0          0          0
1676377789          0          2               0             120          0          0          0          0
1676377799         10         16            2635            1020          0          0          0          0
1676377809          5        227             796           13638          0          0          0          0
1676377819          8         14            2096             888          0          0          0          0
1676377830          8         11            1028             708          0          0          0          0
1676377840          0          5               0             300          0          0          0          0
1676377850          0          2               0             120          0          0          0          0
1676377861          0          2               0             120          0          0          0          0
1676377871          0          7               0             420          0          0          0          0
1676377881          0          3               0             180          0          0          0          0
1676377892          0          1               0              60          0          0          0          0
1676377902          0          4               0             240          0          0          0          0
1676377912          0          7               0             420          0          0          0          0
1676377923          0          2               0             120          0          0          0          0
1676377933          0          4               0             240          0          0          0          0
1676377943          0          3               0             180          0          0          0          0
1676377954          0          3               0             180          0          0          0          0
1676377964          0          8               0             480          0          0          0          0
1676377974          6          8             574             688          0          0          0          0
1676377984          0          5               0             300          0          0          0          0
1676377995          0          2               0             120          0          0          0          0
1676378005          2          6             132             426          0          0          0          0
1676378015         21         14           16796            1449          0          0          0          0
1676378026          0          7               0             420          0          0          0          0
1676378036          0          2               0             120          0          0          0          0
1676378046          0          1               0              60          0          0          0          0
1676378057          0          3               0             180          0          0          0          0
1676378067          0          3               0             180          0          0          0          0
1676378077          7          9             640             781          0          0          0          0
1676378088          1          4              42             240          0          0          0          0
1676378098          0          3               0             180          0          0          0          0
1676378108          0          1               0              60          0          0          0          0
1676378119          0          2               0             120          0          0          0          0
1676378129          0          2               0             120          0          0          0          0
1676378139          0          2               0             120          0          0          0          0
1676378149          0          3               0             180          0          0          0          0
1676378160          0          3               0             180          0          0          0          0
1676378170          0          5               0             300          0          0          0          0
1676378180          0          5               0             300          0          0          0          0
1676378191          0          4               0             240          0          0          0          0
1676378201          0          3               0             180          0          0          0          0
1676378211          0          3               0             180          0          0          0          0
1676378222          0          3               0             180          0          0          0          0
1676378232          0          2               0             120          0          0          0          0
1676378242          1          5              66             333          0          0          0          0
1676378253          1          5              42             300          0          0          0          0
1676378263          0          4               0             240          0          0          0          0
1676378273          6          6             574             568          0          0          0          0
1676378284          0          3               0             180          0          0          0          0
1676378294          0          0               0               0          0          0          0          0
1676378304          0          4               0             240          0          0          0          0
1676378315         21         17           16819            1662          0          0          0          0
1676378325          1          5              42             300          0          0          0          0
1676378335          0          4               0             240          0          0          0          0
1676378345          0          9               0             540          0          0          0          0
1676378356          0          3               0             180          0          0          0          0
1676378366          0          4               0             240          0          0          0          0
1676378376          0          4               0             240          0          0          0          0
1676378387          0          4               0             240          0          0          0          0
1676378397          0          2               0             120          0          0          0          0
1676378407          2         65             210            3906          0          0          0          0
1676378418          0          4               0             240          0          0          0          0
1676378428          0          3               0             180          0          0          0          0
1676378438          0          2               0             120          0          0          0          0
1676378449          0          0               0              60          0          0          0          0
1676378459          0         14               0             780          0          0          0          0
1676378469          6         55             574            3508          0          0          0          0
1676378480          0          4               0             240          0          0          0          0
1676378490          0          1               0              60          0          0          0          0
1676378500          0          4               0             240          0          0          0          0
1676378511          0         10               0             600          0          0          0          0
1676378521          0          4               0             240          0          0          0          0
1676378531          4         10             240             699          0          0          0          0
1676378542          0          2               0             120          0          0          0          0
1676378552          0          1               0              60          0          0          0          0
1676378562          0          0               0               0          0          0          0          0
1676378573          0          1               0              60          0          0          0          0
1676378583          0          2               0             120          0          0          0          0
1676378593          0          2               0             120          0          0          0          0
1676378604          0          4               0             240          0          0          0          0
1676378614         20         14           16753            1449          0          0          0          0
1676378624          0          5               0             300          0          0          0          0
1676378634          0          1               0              60          0          0          0          0
1676378645          2          6             132             426          0          0          0          0
1676378655          1          5              42             300          0          0          0          0
1676378665          0          6               0             360          0          0          0          0
1676378676          6          7             574             628          0          0          0          0
1676378686          0          4               0             240          0          0          0          0
1676378696          0          0               0               0          0          0          0          0
1676378707          2        348             276           20886          0          0          0          0
1676378717          0          5               0             300          0          0          0          0
1676378727          0          3               0             180          0          0          0          0
1676378738          0         10               0             600          0          0          0          0
1676378748          1          4              90             270          0          0          0          0
1676378758          2          4             132             270          0          0          0          0
1676378769          0          9               0             540          0          0          0          0
1676378779          6          7             574             628          0          0          0          0
1676378789          0         11               0             660          0          0          0          0
1676378800          0          1               0              60          0          0          0          0
1676378810          1          4              90             270          0          0          0          0
1676378820          0          3               0             180          0          0          0          0
1676378831          0          4               0             240          0          0          0          0
1676378841          0          3               0             180          0          0          0          0
1676378851          0          9               0             540          0          0          0          0
1676378862          0         48               0            2880          0          0          0          0
1676378872          1          7              90             450          0          0          0          0
1676378882          0        339               0           20340          0          0          0          0
1676378893          0          3               0             180          0          0          0          0
1676378903          0          5               0             300          0          0          0          0
1676378913         22         22           16901            1995          0          0          0          0
1676378924          1          4              42             240          0          0          0          0
1676378934          0          3               0             180          0          0          0          0
1676378944          0          6               0             360          0          0          0          0
1676378955          0          4               0             240          0          0          0          0
1676378965          0          3               0             180          0          0          0          0
1676378975          6         15             574            1108          0          0          0          0
1676378986          0          5               0             300          0          0          0          0
1676378996          0          6               0             360          0          0          0          0
1676379006          2         89             211            5346          0          0          0          0
1676379017          0          5               0             300          0          0          0          0
1676379027          1          1              42              60          0          0          0          0
1676379037          0          3               0             180          0          0          0          0
1676379048          0         12               0             720          0          0          0          0
1676379058          3         10             174             666          0          0          0          0
1676379068          0        373               0           22380          0          0          0          0
1676379079          0          2               0             120          0          0          0          0
1676379089          0          3               0             180          0          0          0          0
1676379099          0          3               0             180          0          0          0          0
1676379109          0          5               0             300          0          0          0          0
1676379120          0          2               0             120          0          0          0          0
1676379130          0          7               0             420          0          0          0          0
1676379140          0          2               0             120          0          0          0          0
1676379151          0          4               0             240          0          0          0          0
1676379161          0          7               0             420          0          0          0          0
1676379171          0          8               0             480          0          0          0          0
1676379182          6         12             574             928          0          0          0          0
1676379192          0          4               0             240          0          0          0          0
1676379202          0          4               0             240          0          0          0          0
1676379213         19         18           16718            1689          0          0          0          0
1676379223          1          3              42             180          0          0          0          0
1676379233          0          6               0             360          0          0          0          0
1676379244          0          6               0             360          0          0          0          0
1676379254          0          5               0             300          0          0          0          0
1676379264          0          5               0             300          0          0          0          0
1676379275          0          1               0              60          0          0          0          0
1676379285          0          5               0             300          0          0          0          0
1676379295          2          6             305             372          0          0          0          0
1676379306          1          4              42             240          0          0          0          0
1676379316          0          1               0              60          0          0          0          0
1676379327          0          9               0             540          0          0          0          0
1676379337          0         10               0             600          0          0          0          0
1676379347          0          3               0             180          0          0          0          0
1676379358          0          3               0             180          0          0          0          0
1676379368          0          6               0             360          0          0          0          0
1676379378          6         13             574             988          0          0          0          0
1676379389          0          3               0             180          0          0          0          0
1676379399          0         68               0            4080          0          0          0          0
1676379409          0          7               0             420          0          0          0          0
1676379420          0         44               0            2640          0          0          0          0
1676379430          0          2               0             120          0          0          0          0
1676379440          0          7               0             420          0          0          0          0
1676379451          0          1               0              60          0          0          0          0
1676379461          0          7               0             420          0          0          0          0
1676379471          0          1               0              60          0          0          0          0
1676379482          6         13             574             988          0          0          0          0
1676379492          0          5               0             300          0          0          0          0
1676379502          0          1               0              60          0          0          0          0
1676379513         19         15           16714            1509          0          0          0          0
1676379523          1          7              42             420          0          0          0          0
1676379533          0          5               0             300          0          0          0          0
1676379544          0          6               0             360          0          0          0          0
1676379554          0          6               0             360          0          0          0          0
1676379564          0          8               0             480          0          0          0          0
1676379574          0          4               0             240          0          0          0          0
1676379585          0          7               0             420          0          0          0          0
1676379595          0          9               0             540          0          0          0          0
1676379605          2        468             210           28086          0          0          0          0
1676379616          0          4               0             240          0          0          0          0
1676379626          0          4               0             240          0          0          0          0
1676379637          0         12               0             720          0          0          0          0
1676379647          0         10               0             600          0          0          0          0
1676379657          0         13               0             780          0          0          0          0
1676379667          6        467             905           28050          0          0          0          0
1676379678          0          3               0             180          0          0          0          0
1676379688          6         14             574            1048          0          0          0          0
1676379698          0         10               0             600          0          0          0          0
1676379709          2         15             305             912          0          0          0          0
1676379719          1         13              42             780          0          0          0          0
1676379730          0        375               0           22500          0          0          0          0
1676379740          0         10               0             600          0          0          0          0
1676379750          0         14               0             840          0          0          0          0
1676379761          0         11               0             660          0          0          0          0
1676379771          0          9               0             540          0          0          0          0
1676379781          0         40               0            2400          0          0          0          0
1676379791          0         12               0             720          0          0          0          0
1676379802          2         31             132            1890          0          0          0          0
1676379812         20         18           16761            1689          0          0          0          0
1676379823          0         20               0            1200          0          0          0          0
1676379833          0         23               0            1380          0          0          0          0
1676379843          0         18               0            1080          0          0          0          0
1676379853          0         10               0             600          0          0          0          0
1676379864          0         17               0            1020          0          0          0          0
1676379874          0          9               0             540          0          0          0          0
1676379884          0          6               0             360          0          0          0          0
1676379895          6         18             574            1288          0          0          0          0
1676379905          0          9               0             540          0          0          0          0
1676379915          0          7               0             420          0          0          0          0
1676379926          1          9              90             570          0          0          0          0
1676379936          0          4               0             240          0          0          0          0
1676379946          0         13               0             780          0          0          0          0
1676379957          0         41               0            2460          0          0          0          0
1676379967          0          7               0             420          0          0          0          0
1676379977          0          9               0             540          0          0          0          0
1676379988          1          8              90             510          0          0          0          0
1676379998          0          7               0             420          0          0          0          0
1676380008          0          9               0             540          0          0          0          0
1676380019          0          8               0             480          0          0          0          0
1676380029          0          6               0             360          0          0          0          0
1676380039          0          6               0             360          0          0          0          0
1676380051          1          6              90             390          0          0          0          0
1676380061          0          5               0             300          0          0          0          0
1676380072          0          2               0             120          0          0          0          0
1676380082          0          5               0             300          0          0          0          0
1676380094          6         15             574            1108          0          0          0          0
1676380104          0          7               0             420          0          0          0          0
1676380114         21         19           17025            1761          0          0          0          0
1676380125          2          7              84             420          0          0          0          0
1676380135          0          3               0             180          0          0          0          0
1676380146          0          3               0             180          0          0          0          0
1676380156          0          3               0             180          0          0          0          0
1676380166          6         13            1004             986          0          0          0          0
